Year,Age,Total,Bumi,Chinese,Indian,Others,Non- Citizens,Male_Bumi,Male_Chinese,Male_Indian,Male_Others,Male_non Citizens,Female_Bumi,Female_Chinese,Female_Indian,Female_Others,Female_non Citizens,Male_Total,Female_Total
1991, 0 - 4,2504.1,1716.4,510.8,169.9,33.1,73.9,882.8,265.0,87.0,17.1,38.5,833.6,245.9,82.9,16.0,35.4,1290.3999999999999,1213.8000000000002
1991, 5 - 9,2363.5,1566.2,543.0,165.1,28.2,61.1,801.8,280.6,84.7,14.5,32.1,764.4,262.3,80.3,13.7,29.0,1213.7,1149.7
1991, 10 - 14,2032.3,1272.3,536.2,156.8,23.8,43.2,648.5,276.2,79.3,12.1,22.6,623.8,260.0,77.5,11.7,20.6,1038.7,993.6
1991, 15 - 19,1833.4,1105.7,491.7,140.2,19.7,76.1,552.0,252.1,70.6,9.8,42.4,553.6,239.6,69.6,9.9,33.6,926.9,906.3000000000001
1991, 20 - 24,1683.5,989.8000000000001,415.6,127.3,15.0,135.8,484.8,209.3,63.2,7.0,82.6,505.0,206.4,64.1,8.0,53.2,846.9000000000001,836.7
1991, 25 - 29,1622.8,919.0,418.0,130.7,12.6,142.4,452.9,207.7,64.0,5.7,87.5,466.1,210.3,66.8,6.9,54.9,817.8,805.0
1991, 30 - 34,1457.0,808.4000000000001,415.2,124.4,12.9,96.0,402.90000000000003,207.9,61.9,5.9,60.3,405.7,207.3,62.5,7.0,35.7,738.9,718.2
1991, 35 - 39,1215.1,660.7,378.3,103.5,11.8,60.8,332.7,192.3,51.7,5.6,37.6,328.1,186.0,51.9,6.1,23.2,619.9000000000001,595.3000000000001
1991, 40 - 44,965.6,512.9,324.6,79.5,10.5,38.1,259.0,168.0,40.1,5.8,23.9,254.0,156.5,39.5,4.7,14.2,496.8,468.9
1991, 45 - 49,725.2,390.3,250.1,51.7,8.6,24.5,197.60000000000002,131.3,25.9,4.9,15.5,192.6,118.7,25.9,3.7,9.0,375.2,349.9
1991, 50 - 54,610.9,330.3,211.5,44.6,5.5,18.9,164.5,110.5,22.2,2.9,11.6,165.79999999999998,101.1,22.4,2.6,7.3,311.7,299.2
1991, 55 - 59,487.0,272.3,163.1,37.1,3.9,10.6,133.4,82.6,18.7,2.0,6.6,138.9,80.5,18.4,1.9,4.0,243.29999999999998,243.70000000000002
1991, 60 - 64,370.9,211.60000000000002,118.9,28.5,3.0,8.8,102.7,56.9,14.9,1.6,5.1,109.0,62.0,13.6,1.4,3.7,181.2,189.7
1991, 65 - 69,266.1,153.9,85.3,20.2,2.2,4.5,74.6,38.0,10.9,1.2,2.6,79.39999999999999,47.3,9.3,1.0,1.9,127.3,138.9
1991, 70 - 74,183.5,102.3,62.4,13.4,1.8,3.7,49.7,26.1,7.3,0.9,1.8,52.5,36.3,6.0,0.9,1.9,85.80000000000001,97.60000000000001
1991, 75 - 79,107.9,49.1,47.9,7.6,1.0,2.2,25.0,20.8,4.2,0.6,1.2,24.099999999999998,27.1,3.4,0.5,1.1,51.800000000000004,56.2
1991, 80 - 84,72.7,36.1,30.7,3.9,0.7,1.3,15.7,12.8,2.1,0.4,0.6,20.4,17.9,1.9,0.3,0.8,31.6,41.29999999999999
1991, 85+,45.6,24.4,17.7,2.1,0.5,1.0,9.8,7.0,1.2,0.2,0.4,14.5,10.7,0.9,0.2,0.6,18.599999999999998,26.9
1992, 0 - 4,2523.6,1722.0,515.8,169.6,41.4,74.9,886.0,267.1,86.8,21.5,39.1,836.0,248.7,82.7,19.9,35.8,1300.4999999999998,1223.1000000000001
1992, 5 - 9,2412.2,1623.1999999999998,527.5,167.8,29.2,64.6,830.2,273.2,85.6,15.0,33.7,792.8,254.3,82.1,14.3,30.9,1237.7,1174.3999999999999
1992, 10 - 14,2102.8,1326.0,533.4,160.3,24.5,58.5,676.3000000000001,275.2,81.8,12.4,31.1,649.7,258.2,78.6,12.1,27.4,1076.8,1026.0000000000002
1992, 15 - 19,1887.6,1136.0,506.6,144.2,20.4,80.4,569.7,259.5,72.5,10.1,43.6,566.4,247.0,71.7,10.3,36.9,955.4000000000001,932.3
1992, 20 - 24,1718.8,1012.7,425.5,129.8,16.0,134.8,496.40000000000003,215.8,64.4,7.6,80.4,516.3,209.7,65.3,8.5,54.5,864.6,854.3
1992, 25 - 29,1647.7,937.5999999999999,421.1,130.7,13.3,145.0,461.70000000000005,209.8,64.2,6.0,89.7,476.0,211.3,66.5,7.3,55.3,831.4000000000001,816.3999999999999
1992, 30 - 34,1503.5,837.8,419.1,126.6,13.2,106.9,416.8,210.0,62.8,6.1,66.7,421.0,209.1,63.8,7.1,40.3,762.4,741.3
1992, 35 - 39,1272.5,692.5,391.0,109.3,12.2,67.6,348.8,198.7,54.7,5.9,42.3,343.6,192.2,54.6,6.3,25.3,650.4,621.9999999999999
1992, 40 - 44,1013.7,542.0,335.8,83.6,10.6,41.8,274.2,173.7,42.1,5.6,26.5,267.90000000000003,162.0,41.5,4.9,15.3,522.1,491.6
1992, 45 - 49,762.6,409.79999999999995,262.2,55.8,8.7,26.1,208.4,137.4,28.1,4.9,16.6,201.4,124.7,27.8,3.7,9.5,395.40000000000003,367.1
1992, 50 - 54,624.5,336.1,217.8,45.3,5.9,19.5,167.89999999999998,114.2,22.5,3.2,12.2,168.0,103.6,22.8,2.7,7.3,319.99999999999994,304.40000000000003
1992, 55 - 59,505.6,280.7,171.1,37.8,4.0,12.0,137.6,87.3,18.8,2.1,7.5,143.1,83.8,19.0,1.9,4.6,253.29999999999998,252.39999999999998
1992, 60 - 64,385.5,219.5,125.0,29.2,3.2,8.7,106.6,60.5,15.0,1.7,4.9,112.9,64.5,14.2,1.5,3.8,188.7,196.9
1992, 65 - 69,275.7,158.70000000000002,88.1,20.5,2.3,6.0,76.5,39.8,10.9,1.3,3.4,82.2,48.4,9.6,1.0,2.7,131.9,143.89999999999998
1992, 70 - 74,191.0,107.1,62.9,13.7,1.9,5.6,51.6,26.4,7.4,1.0,2.8,55.5,36.4,6.3,0.9,2.8,89.2,101.9
1992, 75 - 79,121.3,60.400000000000006,47.4,7.8,1.2,4.5,29.1,20.0,4.2,0.6,2.1,31.3,27.3,3.6,0.5,2.4,56.00000000000001,65.10000000000001
1992, 80 - 84,72.2,34.3,30.0,3.9,0.7,3.2,15.5,12.5,2.1,0.4,1.4,18.8,17.5,1.8,0.3,1.7,31.9,40.099999999999994
1992, 85+,46.5,22.099999999999998,19.0,2.4,0.6,2.3,9.4,7.5,1.3,0.3,0.9,12.7,11.5,1.1,0.3,1.4,19.4,27.0
1993, 0 - 4,2555.1,1740.8,519.4,171.1,45.6,78.2,896.2,269.2,87.6,23.8,40.8,844.6,250.2,83.5,21.8,37.4,1317.6,1237.5
1993, 5 - 9,2458.5,1669.7,521.2,169.0,30.4,68.1,853.9000000000001,269.8,86.3,15.5,35.1,815.8,251.4,82.8,14.8,33.0,1260.6,1197.8
1993, 10 - 14,2178.4,1388.8,531.9,163.0,25.5,69.1,707.9,274.7,83.3,12.9,36.6,680.9000000000001,257.2,79.7,12.6,32.5,1115.3999999999999,1062.9
1993, 15 - 19,1927.4,1158.7,508.8,147.4,21.0,91.6,582.2,260.5,74.1,10.3,49.6,576.5,248.3,73.3,10.6,42.0,976.7,950.6999999999999
1993, 20 - 24,1756.7,1026.9,439.9,132.6,17.0,140.3,505.3,224.1,66.0,8.1,81.9,521.6,215.8,66.7,8.9,58.4,885.4,871.4000000000001
1993, 25 - 29,1680.2,961.3,423.0,130.9,14.2,150.7,472.6,211.3,64.4,6.5,92.6,488.8,211.7,66.5,7.7,58.1,847.4000000000001,832.8000000000001
1993, 30 - 34,1554.1,868.3,426.1,128.9,13.5,117.3,431.5,213.8,63.9,6.3,73.0,436.8,212.4,65.0,7.2,44.2,788.4999999999999,765.6000000000001
1993, 35 - 39,1322.8,723.2,399.9,113.8,12.6,73.3,364.2,203.2,56.9,6.2,45.6,359.0,196.6,56.8,6.5,27.7,676.1,646.6
1993, 40 - 44,1071.0,576.7,349.2,89.1,10.9,45.2,292.1,180.4,44.7,5.7,28.5,284.7,168.9,44.3,5.1,16.7,551.4000000000001,519.7
1993, 45 - 49,799.3,428.90000000000003,273.5,60.1,8.8,28.1,218.6,143.4,30.4,4.9,17.8,210.3,130.1,29.7,3.8,10.3,415.09999999999997,384.2
1993, 50 - 54,643.3,345.2,226.1,46.0,6.3,19.8,173.5,118.8,22.9,3.4,12.4,171.7,107.3,23.2,2.8,7.4,330.99999999999994,312.4
1993, 55 - 59,525.4,289.8,179.2,38.8,4.2,13.4,142.2,91.9,19.0,2.2,8.2,147.6,87.3,19.7,2.0,5.2,263.5,261.79999999999995
1993, 60 - 64,400.4,226.89999999999998,131.4,29.9,3.3,8.9,110.0,64.2,15.1,1.7,5.1,116.89999999999999,67.1,14.8,1.5,3.8,196.09999999999997,204.10000000000002
1993, 65 - 69,287.3,165.5,91.9,21.0,2.5,6.6,79.8,41.9,11.1,1.3,3.6,85.7,49.9,9.9,1.1,2.9,137.7,149.5
1993, 70 - 74,194.7,110.1,63.4,13.9,1.8,5.5,52.9,26.9,7.4,1.0,2.8,57.2,36.6,6.5,0.9,2.7,91.0,103.90000000000002
1993, 75 - 79,124.2,64.1,46.3,7.9,1.3,4.6,30.5,19.1,4.2,0.7,2.1,33.6,27.2,3.7,0.6,2.5,56.60000000000001,67.6
1993, 80 - 84,72.4,34.1,30.3,4.1,0.7,3.3,15.7,12.6,2.1,0.4,1.5,18.3,17.6,2.0,0.3,1.8,32.3,40.0
1993, 85+,50.4,24.7,19.9,2.6,0.7,2.5,10.4,7.8,1.4,0.3,1.1,14.200000000000001,12.1,1.2,0.3,1.4,21.0,29.2
1994, 0 - 4,2592.4,1769.8999999999999,517.6,173.5,47.4,84.0,911.5,268.8,88.7,24.8,43.8,858.5,248.8,84.8,22.6,40.2,1337.6,1254.8999999999999
1994, 5 - 9,2495.5,1699.1999999999998,524.1,170.0,31.6,70.6,868.4,271.2,86.9,16.1,36.1,830.8,252.9,83.2,15.5,34.4,1278.6999999999998,1216.8000000000002
1994, 10 - 14,2241.3,1451.1999999999998,526.2,164.1,26.6,73.2,740.0,271.7,83.9,13.4,38.4,711.2,254.5,80.2,13.2,34.8,1147.4000000000003,1093.9
1994, 15 - 19,1979.2,1188.7,510.7,150.6,21.5,107.7,598.0,261.8,75.7,10.6,58.5,590.6,249.0,74.9,11.0,49.2,1004.6,974.7
1994, 20 - 24,1806.7,1049.5,455.2,136.6,17.7,147.7,518.3,232.2,68.0,8.4,84.7,531.2,223.0,68.6,9.3,63.0,911.6,895.1
1994, 25 - 29,1706.5,979.7,426.1,131.3,15.1,154.2,481.2,213.7,64.8,6.9,93.9,498.5,212.4,66.5,8.2,60.3,860.4999999999999,845.9
1994, 30 - 34,1595.6,894.2,429.7,130.1,13.8,127.8,443.7,215.7,64.4,6.4,79.3,450.4,214.0,65.7,7.4,48.4,809.4999999999999,785.9
1994, 35 - 39,1376.6,755.4,409.6,118.0,13.1,80.4,379.8,208.2,59.0,6.5,49.8,375.6,201.4,59.0,6.6,30.6,703.3,673.2
1994, 40 - 44,1125.0,609.4000000000001,360.7,94.2,11.2,49.5,309.09999999999997,185.9,47.3,5.9,31.1,300.4,174.7,46.9,5.3,18.4,579.3,545.6999999999999
1994, 45 - 49,850.0,456.1,288.9,65.6,8.9,30.6,232.60000000000002,151.5,33.3,4.9,19.3,223.5,137.4,32.3,3.9,11.2,441.6,408.29999999999995
1994, 50 - 54,660.6,354.3,232.6,47.3,6.6,19.8,179.2,122.5,23.6,3.6,12.5,175.2,110.1,23.7,2.9,7.3,341.40000000000003,319.19999999999993
1994, 55 - 59,543.4,298.0,186.9,39.6,4.5,14.5,146.5,96.2,19.3,2.4,8.9,151.4,90.7,20.3,2.1,5.7,273.29999999999995,270.20000000000005
1994, 60 - 64,414.9,233.5,138.5,30.4,3.3,9.1,113.0,68.5,15.0,1.8,5.3,120.5,70.0,15.4,1.6,3.8,203.60000000000002,211.3
1994, 65 - 69,301.0,173.3,96.6,21.5,2.6,7.1,83.6,44.7,11.2,1.4,3.8,89.60000000000001,51.9,10.3,1.2,3.3,144.70000000000002,156.3
1994, 70 - 74,198.5,112.89999999999999,64.3,14.0,1.8,5.4,54.2,27.6,7.3,1.0,2.8,58.7,36.8,6.7,0.9,2.6,92.9,105.7
1994, 75 - 79,129.7,68.8,46.5,8.3,1.3,4.8,32.5,18.9,4.4,0.7,2.2,36.4,27.7,3.9,0.6,2.6,58.7,71.19999999999999
1994, 80 - 84,71.9,34.1,29.7,4.0,0.7,3.4,15.9,12.2,2.0,0.4,1.6,18.099999999999998,17.4,2.0,0.3,1.9,32.1,39.699999999999996
1994, 85+,52.9,26.5,20.3,2.7,0.7,2.7,11.0,7.9,1.4,0.4,1.2,15.4,12.4,1.3,0.3,1.5,21.899999999999995,30.900000000000002
1995, 0 - 4,2629.2,1793.4,523.4,173.9,48.3,90.2,923.6,272.5,88.7,25.3,47.1,869.8,250.9,85.2,22.9,43.1,1357.1999999999998,1271.9
1995, 5 - 9,2510.4,1718.5,516.0,171.2,32.9,71.9,879.3,267.0,87.6,16.8,36.7,839.2,249.0,83.6,16.1,35.1,1287.3999999999999,1222.9999999999998
1995, 10 - 14,2313.7,1521.6,525.8,165.1,27.8,73.5,774.8000000000001,271.2,84.4,14.0,37.9,746.7,254.6,80.7,13.8,35.6,1182.3000000000002,1131.3999999999999
1995, 15 - 19,2031.0,1224.8999999999999,508.3,153.4,22.2,122.1,616.7,260.7,77.1,10.9,66.5,608.2,247.6,76.3,11.4,55.6,1031.9,999.1
1995, 20 - 24,1854.5,1073.3,465.1,140.5,18.3,157.3,530.8000000000001,237.5,69.9,8.7,88.8,542.5,227.6,70.6,9.6,68.5,935.7,918.8000000000001
1995, 25 - 29,1741.5,999.5,432.9,132.9,16.0,160.2,491.5,218.0,65.8,7.4,96.5,508.0,214.9,67.1,8.6,63.7,879.1999999999999,862.3000000000001
1995, 30 - 34,1633.8,916.1,434.2,131.1,14.3,138.0,454.0,218.2,64.8,6.6,85.4,462.2,216.0,66.3,7.7,52.6,829.0,804.8000000000001
1995, 35 - 39,1428.4,787.6999999999999,417.5,121.4,13.6,88.2,395.70000000000005,212.3,60.7,6.8,54.4,392.0,205.2,60.7,6.8,33.8,729.9,698.5
1995, 40 - 44,1185.9,644.9000000000001,375.0,100.2,11.7,54.0,327.0,193.1,50.3,6.2,33.8,318.0,181.9,49.9,5.6,20.3,610.4,575.6999999999999
1995, 45 - 49,900.7,483.29999999999995,304.0,71.1,9.0,33.3,246.7,159.3,36.0,5.0,21.0,236.7,144.7,35.0,4.1,12.3,468.0,432.8
1995, 50 - 54,679.9,365.8,238.6,48.5,6.8,20.2,186.1,125.9,24.3,3.8,12.8,179.70000000000002,112.7,24.2,3.0,7.4,352.90000000000003,327.0
1995, 55 - 59,561.7,306.4,194.7,40.5,4.7,15.4,151.2,100.7,19.6,2.5,9.3,155.2,94.1,20.9,2.2,6.1,283.3,278.5
1995, 60 - 64,430.2,240.3,145.9,31.1,3.4,9.5,116.1,72.8,15.0,1.8,5.5,124.2,73.1,16.1,1.6,3.9,211.2,218.9
1995, 65 - 69,315.7,181.4,102.0,22.1,2.7,7.6,87.5,47.8,11.3,1.5,4.1,93.8,54.2,10.7,1.3,3.5,152.20000000000002,163.5
1995, 70 - 74,203.7,116.3,66.0,14.2,1.9,5.4,55.7,28.7,7.3,1.0,2.8,60.6,37.2,6.9,0.8,2.6,95.5,108.10000000000001
1995, 75 - 79,134.9,73.60000000000001,46.3,8.6,1.4,5.0,34.4,18.7,4.4,0.7,2.3,39.1,27.7,4.1,0.7,2.7,60.49999999999999,74.3
1995, 80 - 84,72.0,34.3,29.5,4.0,0.7,3.5,16.1,12.0,2.0,0.4,1.6,18.2,17.5,2.0,0.3,1.9,32.1,39.9
1995, 85+,54.5,27.599999999999998,20.6,2.7,0.7,2.9,11.6,7.9,1.4,0.3,1.3,16.0,12.6,1.4,0.3,1.7,22.5,32.0
1996, 0 - 4,2664.2,1818.8999999999999,524.1,174.5,48.6,98.0,937.3,273.1,89.0,25.5,51.4,881.5999999999999,251.1,85.6,23.1,46.6,1376.3000000000002,1287.9999999999995
1996, 5 - 9,2529.4,1734.8999999999999,515.5,171.7,34.3,73.0,888.5,267.0,88.0,17.5,37.4,846.5,248.5,83.7,16.8,35.6,1298.4,1231.1
1996, 10 - 14,2372.5,1581.6000000000001,523.7,166.7,29.0,71.6,804.8,270.2,85.3,14.6,36.4,776.8,253.5,81.4,14.4,35.2,1211.3,1161.3000000000002
1996, 15 - 19,2089.9,1277.1,502.8,156.3,23.1,130.6,643.3000000000001,258.1,78.5,11.2,70.9,633.7,244.7,77.7,11.8,59.8,1062.0000000000002,1027.7
1996, 20 - 24,1894.0,1089.3999999999999,472.1,143.4,18.8,170.3,539.7,241.0,71.4,8.9,95.0,549.7,231.1,72.0,9.9,75.3,956.0,938.0
1996, 25 - 29,1779.9,1016.6,442.0,135.0,16.7,169.5,500.3,223.4,67.0,7.7,100.8,516.4,218.6,68.0,9.0,68.8,899.2,880.8
1996, 30 - 34,1669.6,938.0,437.2,131.9,15.0,147.7,464.1,219.9,65.2,6.9,90.9,473.8,217.2,66.7,8.0,56.8,847.0,822.5
1996, 35 - 39,1481.5,819.6999999999999,426.1,124.4,14.1,97.1,411.2,216.7,62.2,7.1,59.8,408.59999999999997,209.4,62.2,7.0,37.4,757.0,724.6
1996, 40 - 44,1244.3,679.6,387.7,106.0,12.3,58.8,344.59999999999997,199.5,53.2,6.5,36.5,335.0,188.2,52.8,5.8,22.3,640.3,604.0999999999999
1996, 45 - 49,953.9,513.2,318.6,76.5,9.3,36.2,261.8,166.6,38.7,5.1,22.8,251.4,152.0,37.8,4.2,13.4,495.0,458.79999999999995
1996, 50 - 54,711.3,383.9,248.5,50.9,6.9,21.0,196.3,131.3,25.7,3.8,13.3,187.70000000000002,117.2,25.2,3.1,7.7,370.40000000000003,340.90000000000003
1996, 55 - 59,579.8,314.90000000000003,202.4,41.5,4.9,16.0,156.10000000000002,105.1,20.1,2.7,9.7,158.9,97.4,21.4,2.3,6.3,293.70000000000005,286.3
1996, 60 - 64,446.3,247.7,153.3,32.0,3.5,9.9,119.5,77.0,15.2,1.9,5.8,128.2,76.3,16.8,1.6,4.1,219.4,227.0
1996, 65 - 69,329.6,188.5,107.8,22.6,2.8,7.8,90.69999999999999,51.1,11.4,1.5,4.2,97.7,56.7,11.2,1.3,3.7,158.89999999999998,170.6
1996, 70 - 74,210.5,120.7,68.2,14.4,1.9,5.3,57.9,30.1,7.4,1.0,2.8,62.900000000000006,38.1,7.0,0.9,2.6,99.2,111.5
1996, 75 - 79,136.8,76.2,45.7,8.5,1.4,5.0,35.6,18.4,4.3,0.7,2.3,40.6,27.3,4.3,0.7,2.7,61.3,75.60000000000001
1996, 80 - 84,73.7,36.1,29.4,4.1,0.7,3.4,16.8,11.8,2.1,0.4,1.5,19.3,17.5,2.1,0.3,1.9,32.6,41.099999999999994
1996, 85+,55.5,27.9,21.1,2.8,0.6,3.1,11.700000000000001,8.1,1.4,0.3,1.3,16.3,13.0,1.4,0.3,1.8,22.8,32.8
1997, 0 - 4,2695.3,1841.6999999999998,526.1,175.1,45.8,106.6,949.2,274.2,89.2,23.9,56.3,892.5,251.9,85.9,21.9,50.3,1392.8000000000002,1302.5000000000002
1997, 5 - 9,2555.0,1754.0,516.7,171.6,38.4,74.4,898.9000000000001,267.9,87.9,19.7,38.2,855.0,248.8,83.7,18.8,36.2,1312.6000000000004,1242.5
1997, 10 - 14,2418.4,1630.7,518.5,169.1,30.2,69.8,829.5,267.6,86.4,15.2,35.1,801.2,250.9,82.7,15.0,34.7,1233.8,1184.5000000000002
1997, 15 - 19,2155.4,1339.3999999999999,501.9,159.0,24.2,130.9,675.1999999999999,257.8,80.3,11.8,70.3,664.2,244.1,78.7,12.4,60.6,1095.3999999999999,1060.0
1997, 20 - 24,1941.2,1113.5,476.3,146.1,19.3,186.0,552.5,243.0,72.6,9.0,103.2,560.9,233.3,73.5,10.2,82.8,980.3000000000001,960.7
1997, 25 - 29,1815.1,1029.9,447.8,137.4,17.2,182.7,506.8,227.0,68.1,7.9,106.8,523.1,220.8,69.3,9.3,75.8,916.5999999999999,898.3
1997, 30 - 34,1709.6,962.0999999999999,443.1,133.2,15.8,155.4,475.7,223.2,66.0,7.3,95.1,486.4,219.9,67.2,8.5,60.4,867.3,842.4
1997, 35 - 39,1528.7,848.0,431.5,126.3,14.6,108.3,424.3,219.4,63.0,7.3,66.6,423.7,212.1,63.3,7.3,41.7,780.6,748.0999999999999
1997, 40 - 44,1300.0,711.6,400.2,111.1,12.8,64.2,360.7,206.0,55.8,6.9,39.6,350.9,194.2,55.4,5.9,24.6,669.0,630.9999999999999
1997, 45 - 49,1010.9,547.0,333.0,82.0,9.8,39.1,279.1,173.9,41.5,5.3,24.5,267.8,159.1,40.6,4.4,14.6,524.3,486.5
1997, 50 - 54,746.4,402.70000000000005,259.5,54.3,7.0,22.8,206.5,137.1,27.5,3.8,14.4,196.29999999999998,122.4,26.8,3.2,8.3,389.3,357.0
1997, 55 - 59,595.0,322.1,209.6,42.4,5.1,15.8,160.7,109.3,20.7,2.8,9.7,161.4,100.3,21.7,2.3,6.1,303.2,291.8
1997, 60 - 64,464.2,255.9,160.8,33.0,3.7,10.7,123.4,81.2,15.5,2.0,6.2,132.5,79.6,17.6,1.7,4.5,228.3,235.89999999999998
1997, 65 - 69,342.0,194.2,114.0,23.2,2.9,7.8,93.1,54.7,11.4,1.6,4.2,101.0,59.3,11.8,1.3,3.6,165.0,177.00000000000003
1997, 70 - 74,221.4,127.30000000000001,71.7,14.7,2.0,5.7,61.2,32.1,7.5,1.1,2.9,66.3,39.6,7.2,0.9,2.8,104.80000000000001,116.80000000000001
1997, 75 - 79,137.8,77.6,45.5,8.6,1.4,4.7,36.3,18.6,4.2,0.7,2.2,41.3,27.0,4.4,0.7,2.5,62.00000000000001,75.9
1997, 80 - 84,77.1,39.300000000000004,29.4,4.3,0.8,3.4,18.0,11.6,2.1,0.4,1.5,21.299999999999997,17.8,2.2,0.4,1.9,33.6,43.599999999999994
1997, 85+,55.6,28.200000000000003,21.0,2.7,0.6,3.1,11.8,8.1,1.3,0.3,1.3,16.4,12.8,1.4,0.3,1.8,22.8,32.699999999999996
1998, 0 - 4,2738.1,1869.8999999999999,530.1,177.7,45.5,115.0,963.5,276.3,90.4,23.6,61.0,906.4000000000001,253.9,87.2,21.9,54.0,1414.8,1323.4000000000003
1998, 5 - 9,2585.0,1778.7,516.4,171.8,40.1,78.1,912.5999999999999,268.4,87.9,20.6,40.3,865.9000000000001,248.0,83.9,19.6,37.7,1329.8,1255.1000000000001
1998, 10 - 14,2458.6,1669.1999999999998,517.9,170.8,31.5,69.3,849.1,267.2,87.4,15.8,34.4,820.1,250.7,83.4,15.7,34.9,1253.9,1204.8000000000002
1998, 15 - 19,2221.1,1409.2,502.0,161.5,25.5,122.8,710.8,258.0,81.8,12.5,65.1,698.5,244.0,79.7,13.0,57.7,1128.1999999999998,1092.9
1998, 20 - 24,1984.3,1139.3,474.7,148.5,19.8,202.0,565.4,242.2,73.7,9.2,111.8,573.9,232.6,74.8,10.6,90.3,1002.3,982.1999999999999
1998, 25 - 29,1848.1,1036.9,453.3,139.8,17.5,200.6,510.59999999999997,230.2,69.2,8.0,115.4,526.4,223.1,70.6,9.5,85.2,933.4,914.8000000000001
1998, 30 - 34,1752.4,988.2,449.2,135.1,16.6,163.2,488.4,226.7,67.0,7.6,99.1,499.90000000000003,222.6,68.1,9.0,64.1,888.8,863.7
1998, 35 - 39,1577.3,875.9000000000001,437.7,128.0,15.1,120.6,437.09999999999997,222.5,63.8,7.4,74.2,438.79999999999995,215.2,64.2,7.7,46.5,804.9999999999999,772.4000000000001
1998, 40 - 44,1350.6,741.6999999999999,410.3,115.2,13.4,70.1,375.7,211.2,57.7,7.3,42.9,365.90000000000003,199.1,57.4,6.1,27.2,694.8,655.7
1998, 45 - 49,1075.4,584.8000000000001,349.1,88.7,10.4,42.4,298.40000000000003,181.9,44.7,5.7,26.4,286.4,167.2,44.0,4.7,16.0,557.1000000000001,518.3
1998, 50 - 54,783.7,423.2,270.4,57.9,7.1,25.1,217.3,142.9,29.4,3.8,15.8,205.9,127.5,28.5,3.3,9.2,409.20000000000005,374.4
1998, 55 - 59,612.7,331.0,217.6,43.4,5.2,15.6,166.6,114.0,21.4,2.8,9.6,164.4,103.5,22.0,2.4,5.9,314.40000000000003,298.19999999999993
1998, 60 - 64,483.2,265.2,168.3,34.3,3.8,11.6,128.1,85.2,15.9,2.1,6.7,137.2,83.1,18.3,1.7,4.9,238.0,245.2
1998, 65 - 69,353.1,198.4,120.0,23.8,2.9,7.9,94.60000000000001,58.2,11.3,1.6,4.2,103.8,61.8,12.5,1.3,3.7,169.9,183.1
1998, 70 - 74,235.0,135.5,76.2,15.0,2.1,6.1,65.2,34.6,7.7,1.1,3.1,70.3,41.7,7.3,1.0,3.0,111.7,123.3
1998, 75 - 79,137.6,77.89999999999999,45.2,8.6,1.4,4.6,36.6,18.7,4.1,0.7,2.2,41.2,26.5,4.4,0.6,2.4,62.300000000000004,75.10000000000001
1998, 80 - 84,81.1,43.1,29.2,4.4,0.8,3.5,19.6,11.4,2.1,0.4,1.5,23.6,17.9,2.3,0.4,2.0,35.0,46.199999999999996
1998, 85+,56.2,28.8,21.0,2.7,0.6,3.2,12.200000000000001,8.1,1.3,0.3,1.3,16.5,12.9,1.4,0.3,1.8,23.200000000000003,32.9
1999, 0 - 4,2773.4,1889.8,533.5,180.1,46.2,123.7,973.2,277.4,91.7,23.9,65.6,916.7,256.0,88.4,22.4,58.1,1431.8,1341.6000000000001
1999, 5 - 9,2617.5,1806.9,514.8,172.1,40.6,83.1,928.1999999999999,268.3,88.0,20.8,43.3,878.7,246.4,84.1,19.8,39.8,1348.6,1268.8
1999, 10 - 14,2494.7,1699.9,520.2,172.4,32.8,69.4,864.9,268.4,88.3,16.5,34.3,835.0,251.8,84.1,16.3,35.1,1272.3999999999999,1222.2999999999997
1999, 15 - 19,2282.2,1479.6,502.2,163.6,26.9,109.8,747.0,258.1,83.0,13.2,57.1,732.8,244.1,80.6,13.7,52.7,1158.3999999999999,1123.9
1999, 20 - 24,2036.0,1175.3,473.2,150.9,20.5,216.1,583.3,241.4,74.8,9.5,119.3,592.0,231.7,76.1,11.0,96.9,1028.3,1007.7
1999, 25 - 29,1885.2,1046.6,456.9,142.4,17.6,221.6,515.3000000000001,232.2,70.3,8.0,126.0,531.3,224.7,72.1,9.7,95.7,951.8,933.5000000000001
1999, 30 - 34,1795.4,1011.4,456.5,137.4,17.5,172.6,499.8,230.7,68.2,8.0,103.8,511.6,225.7,69.2,9.4,68.8,910.5,884.6999999999999
1999, 35 - 39,1623.8,902.3000000000001,443.1,129.4,15.7,133.3,449.1,225.1,64.4,7.6,81.8,453.3,218.0,65.0,8.1,51.5,828.0,795.9
1999, 40 - 44,1401.9,771.6,420.1,118.7,14.0,77.4,390.4,216.3,59.4,7.6,47.2,381.2,203.8,59.3,6.4,30.3,720.9000000000001,680.9999999999999
1999, 45 - 49,1141.1,622.9,365.4,95.4,11.1,46.3,317.8,190.1,48.0,6.3,28.7,305.09999999999997,175.3,47.4,4.9,17.6,590.9,550.3
1999, 50 - 54,828.9,448.5,283.2,62.2,7.2,27.8,230.4,149.6,31.6,3.8,17.4,218.1,133.6,30.6,3.4,10.3,432.8,396.0
1999, 55 - 59,632.9,341.59999999999997,225.6,44.9,5.2,15.6,173.4,118.8,22.3,2.8,9.8,168.1,106.8,22.6,2.4,5.8,327.1,305.7
1999, 60 - 64,501.8,274.3,175.7,35.5,4.0,12.4,132.8,89.2,16.4,2.2,7.1,141.5,86.4,19.0,1.8,5.2,247.7,253.9
1999, 65 - 69,364.7,202.6,126.7,24.5,2.9,8.0,96.0,62.1,11.2,1.6,4.3,106.5,64.6,13.3,1.3,3.7,175.2,189.4
1999, 70 - 74,249.8,143.70000000000002,81.8,15.4,2.3,6.6,69.0,37.6,7.8,1.2,3.4,74.8,44.3,7.6,1.1,3.2,119.0,130.99999999999997
1999, 75 - 79,138.3,78.3,45.5,8.7,1.4,4.4,37.1,19.2,4.1,0.7,2.1,41.199999999999996,26.4,4.6,0.6,2.3,63.2,75.09999999999998
1999, 80 - 84,85.1,46.699999999999996,29.4,4.6,0.9,3.6,20.900000000000002,11.3,2.1,0.5,1.5,25.8,18.1,2.5,0.4,2.0,36.300000000000004,48.800000000000004
1999, 85+,56.9,29.4,21.2,2.7,0.6,2.9,12.5,8.2,1.3,0.3,1.2,16.9,13.0,1.5,0.3,1.8,23.5,33.5
2000, 0 - 4,2833.4,1918.4,546.7,185.7,46.5,136.1,986.1,283.1,94.5,24.0,71.7,932.2,263.6,91.2,22.5,64.4,1459.4,1373.9000000000003
2000, 5 - 9,2646.0,1831.0,513.6,171.9,40.5,89.1,941.5,268.3,87.8,20.7,46.8,889.4000000000001,245.3,84.1,19.8,42.3,1365.1,1280.8999999999999
2000, 10 - 14,2523.7,1726.7,519.7,173.3,34.2,69.6,879.4000000000001,268.5,88.8,17.2,34.5,847.3,251.3,84.5,17.0,35.1,1288.4,1235.1999999999998
2000, 15 - 19,2335.7,1542.7,503.0,165.7,28.4,95.8,779.2,258.5,84.3,14.0,48.5,763.6,244.5,81.4,14.4,47.3,1184.5,1151.2
2000, 20 - 24,2088.5,1221.0,470.2,153.0,21.3,223.0,606.1999999999999,240.0,76.0,9.9,122.6,614.6999999999999,230.2,77.0,11.4,100.4,1054.6999999999998,1033.6999999999998
2000, 25 - 29,1919.5,1056.9,456.2,144.6,17.7,244.1,520.0,231.9,71.2,7.9,137.5,536.9,224.4,73.3,9.8,106.6,968.5,950.9999999999999
2000, 30 - 34,1837.1,1029.6,463.1,139.9,18.1,186.4,508.79999999999995,234.4,69.4,8.3,110.9,520.8,228.7,70.5,9.8,75.5,931.7999999999998,905.3
2000, 35 - 39,1668.2,927.4000000000001,448.4,130.8,16.4,145.2,460.6,227.7,65.1,7.8,88.9,466.8,220.7,65.7,8.6,56.3,850.0999999999999,818.1
2000, 40 - 44,1451.0,800.3,428.4,121.5,14.6,86.2,404.2,220.6,60.8,7.9,52.4,396.1,207.8,60.7,6.7,33.8,745.8999999999999,705.1000000000001
2000, 45 - 49,1205.1,659.8000000000001,380.8,101.9,11.9,50.7,336.4,197.9,51.2,6.8,31.2,323.4,182.9,50.7,5.1,19.5,623.5,581.6
2000, 50 - 54,877.7,476.4,296.1,67.0,7.6,30.6,244.79999999999998,156.3,34.0,4.0,19.1,231.7,139.8,33.0,3.5,11.5,458.20000000000005,419.5
2000, 55 - 59,657.9,355.3,234.5,46.9,5.2,16.1,181.70000000000002,123.9,23.6,2.7,10.2,173.6,110.6,23.3,2.5,5.9,342.1,315.9
2000, 60 - 64,519.3,283.0,182.9,36.6,4.1,12.7,137.7,93.3,17.0,2.3,7.4,145.29999999999998,89.6,19.6,1.9,5.3,257.7,261.7
2000, 65 - 69,378.3,208.2,133.4,25.5,3.0,8.3,98.4,65.9,11.3,1.7,4.4,109.80000000000001,67.5,14.1,1.3,3.9,181.70000000000002,196.60000000000002
2000, 70 - 74,264.2,151.3,87.6,15.9,2.4,7.1,72.4,40.7,7.9,1.2,3.6,78.89999999999999,46.9,8.0,1.1,3.4,125.80000000000001,138.29999999999998
2000, 75 - 79,142.7,80.9,46.9,8.7,1.4,4.8,38.7,20.2,4.1,0.7,2.3,42.3,26.7,4.6,0.6,2.4,66.00000000000001,76.6
2000, 80 - 84,87.9,49.300000000000004,29.2,4.5,0.9,3.9,22.1,11.2,2.0,0.5,1.7,27.2,18.0,2.5,0.4,2.2,37.5,50.300000000000004
2000, 85+,58.8,31.099999999999998,21.0,2.8,0.6,3.3,13.2,8.1,1.3,0.3,1.4,17.9,12.9,1.5,0.3,2.0,24.299999999999997,34.599999999999994
2001, 0 - 4,2801.2,1903.0,548.4,184.7,45.1,120.0,977.8,283.3,94.0,23.3,63.1,925.1999999999999,265.1,90.7,21.8,56.9,1441.4999999999998,1359.7
2001, 5 - 9,2685.8,1851.3000000000002,518.3,173.4,40.7,102.0,951.7,270.6,88.4,20.9,54.6,899.6,247.8,85.1,19.8,47.5,1386.2000000000003,1299.8
2001, 10 - 14,2586.8,1752.4,521.2,174.6,34.9,103.8,892.6,269.2,89.5,17.6,55.7,859.8,252.0,85.1,17.3,48.1,1324.6,1262.2999999999997
2001, 15 - 19,2428.0,1593.8,511.1,169.2,29.3,124.6,806.2,262.5,86.3,14.6,69.3,787.6,248.6,82.9,14.7,55.3,1238.8999999999999,1189.1000000000001
2001, 20 - 24,2149.2,1275.8,477.6,155.4,21.9,218.5,636.9,244.5,77.7,10.3,122.9,639.0,233.0,77.7,11.6,95.6,1092.3,1056.9
2001, 25 - 29,1948.1,1077.6,458.2,144.9,17.5,249.8,531.7,233.7,71.6,7.9,141.3,546.0,224.5,73.3,9.7,108.5,986.2,962.0
2001, 30 - 34,1854.0,1036.8,463.1,140.0,17.5,196.6,512.0,234.6,69.3,8.0,115.7,524.8,228.6,70.8,9.5,80.9,939.6,914.5999999999999
2001, 35 - 39,1702.6,951.8000000000001,451.6,132.3,16.3,150.6,472.9,229.9,65.9,7.7,91.9,478.9,221.7,66.4,8.6,58.7,868.3,834.3
2001, 40 - 44,1490.6,826.6,431.7,123.3,14.5,94.4,416.40000000000003,222.5,61.7,7.7,57.6,410.3,209.2,61.6,6.8,36.9,765.9000000000002,724.8
2001, 45 - 49,1250.1,688.2,389.3,105.7,12.2,54.8,350.1,202.2,53.0,7.0,33.5,338.0,187.1,52.7,5.2,21.3,645.8,604.3000000000001
2001, 50 - 54,934.2,509.0,310.9,72.9,8.0,33.4,260.6,163.6,36.8,4.3,20.7,248.4,147.3,36.1,3.7,12.7,486.00000000000006,448.20000000000005
2001, 55 - 59,684.9,370.7,242.2,48.7,5.4,18.0,189.70000000000002,128.3,24.5,2.8,11.2,181.0,113.9,24.2,2.6,6.7,356.5,328.4
2001, 60 - 64,537.7,292.90000000000003,190.2,37.4,4.2,13.1,143.6,98.0,17.6,2.3,7.7,149.2,92.2,19.8,1.9,5.4,269.2,268.49999999999994
2001, 65 - 69,392.5,215.2,138.8,26.6,3.0,8.9,101.69999999999999,69.0,11.8,1.7,4.8,113.4,69.7,14.8,1.3,4.1,189.0,203.30000000000004
2001, 70 - 74,275.7,156.7,92.8,16.8,2.4,7.1,74.10000000000001,43.5,8.1,1.2,3.7,82.60000000000001,49.3,8.6,1.1,3.5,130.6,145.1
2001, 75 - 79,152.8,86.69999999999999,50.5,9.2,1.5,5.0,41.3,21.9,4.4,0.8,2.5,45.5,28.6,4.8,0.7,2.5,70.89999999999999,82.1
2001, 80 - 84,88.6,49.6,29.4,4.7,0.9,3.9,22.3,11.4,2.0,0.5,1.8,27.3,18.0,2.7,0.4,2.1,38.0,50.5
2001, 85+,67.7,36.199999999999996,24.0,3.2,0.7,3.7,15.4,9.2,1.5,0.3,1.5,20.7,14.8,1.7,0.3,2.1,27.900000000000002,39.6
2002, 0 - 4,2742.4,1878.9,536.1,181.6,43.4,102.4,965.4000000000001,276.6,92.5,22.4,53.6,913.5,259.5,89.1,21.0,48.8,1410.5,1331.8999999999999
2002, 5 - 9,2714.7,1868.7,523.5,175.3,40.7,106.6,960.2,272.7,89.1,20.9,57.4,908.5,250.8,86.1,19.8,49.2,1400.3000000000002,1314.3999999999999
2002, 10 - 14,2640.4,1778.1999999999998,522.6,175.2,35.5,128.9,906.0,270.1,89.7,18.0,71.0,872.1999999999999,252.5,85.5,17.5,58.0,1354.8,1285.6999999999998
2002, 15 - 19,2516.3,1635.3000000000002,517.7,172.7,30.0,160.4,827.4,265.4,88.3,15.0,93.1,808.0,252.3,84.4,15.0,67.4,1289.1999999999998,1227.1000000000001
2002, 20 - 24,2231.0,1341.5,486.7,158.7,22.8,221.4,672.8,249.6,79.9,10.9,128.4,668.7,237.1,78.8,11.9,93.0,1141.6,1089.5
2002, 25 - 29,1981.6,1102.3,461.1,145.6,17.5,255.0,546.0,236.1,72.2,7.9,145.9,556.4,225.1,73.3,9.6,109.1,1008.1,973.5
2002, 30 - 34,1869.4,1041.5,462.2,139.8,16.9,209.1,514.1,234.5,69.0,7.7,122.0,527.3,227.7,70.8,9.2,87.1,947.3000000000001,922.1
2002, 35 - 39,1735.4,975.3,455.4,133.7,16.2,154.9,484.59999999999997,232.0,66.5,7.6,94.1,490.7,223.4,67.2,8.6,60.8,884.8,850.7
2002, 40 - 44,1530.7,853.7,434.7,124.8,14.5,103.1,429.1,224.3,62.5,7.5,63.1,424.6,210.4,62.4,7.0,40.0,786.5000000000001,744.4
2002, 45 - 49,1291.1,714.7,396.1,108.8,12.3,59.1,362.9,205.8,54.5,7.0,36.0,351.8,190.3,54.3,5.3,23.1,666.2,624.8
2002, 50 - 54,992.7,543.5,325.6,79.1,8.5,35.9,277.5,170.8,39.7,4.7,22.1,265.9,154.8,39.4,3.8,13.9,514.8,477.79999999999995
2002, 55 - 59,718.2,389.79999999999995,251.2,51.3,5.5,20.4,199.1,133.1,25.8,2.9,12.6,190.7,118.1,25.5,2.6,7.8,373.5,344.7
2002, 60 - 64,553.8,301.4,196.8,37.9,4.2,13.4,149.1,102.4,18.1,2.3,8.0,152.3,94.4,19.8,1.9,5.4,279.90000000000003,273.79999999999995
2002, 65 - 69,411.0,225.2,145.2,28.0,3.1,9.6,106.7,72.8,12.5,1.7,5.3,118.5,72.4,15.5,1.4,4.3,199.0,212.10000000000002
2002, 70 - 74,284.7,160.20000000000002,97.3,17.7,2.3,7.1,75.0,46.1,8.3,1.2,3.7,85.19999999999999,51.2,9.4,1.1,3.5,134.29999999999998,150.39999999999998
2002, 75 - 79,166.6,95.0,55.0,9.8,1.6,5.3,44.8,24.1,4.7,0.8,2.6,50.199999999999996,30.9,5.0,0.7,2.6,77.0,89.39999999999999
2002, 80 - 84,87.8,48.7,29.4,4.9,0.9,3.9,22.099999999999998,11.4,2.1,0.5,1.8,26.7,17.9,2.8,0.4,2.1,37.9,49.89999999999999
2002, 85+,74.8,40.300000000000004,26.3,3.6,0.7,3.9,17.400000000000002,10.1,1.6,0.4,1.7,22.9,16.2,1.9,0.4,2.2,31.2,43.599999999999994
2003, 0 - 4,2668.8,1844.8,521.5,176.8,41.9,83.8,948.1999999999999,269.1,90.2,21.7,43.7,896.6,252.4,86.6,20.2,40.1,1372.9,1295.8999999999999
2003, 5 - 9,2733.0,1881.5,528.1,177.5,40.5,105.4,966.2,274.3,90.1,20.9,56.7,915.2,253.9,87.3,19.6,48.8,1408.2,1324.8
2003, 10 - 14,2684.8,1805.2,524.9,175.5,36.0,143.2,920.1999999999999,271.6,89.7,18.3,79.7,884.9,253.2,85.8,17.7,63.6,1379.5,1305.1999999999998
2003, 15 - 19,2594.1,1668.0,522.4,175.6,30.7,197.4,843.1999999999999,267.3,89.9,15.4,116.0,824.8,255.1,85.7,15.3,81.4,1331.8000000000002,1262.3
2003, 20 - 24,2334.2,1414.1999999999998,497.3,162.8,23.8,236.2,711.7,255.0,82.3,11.6,141.5,702.5,242.2,80.5,12.2,94.7,1202.1,1132.1000000000001
2003, 25 - 29,2019.9,1130.5,465.1,146.7,17.6,260.0,562.5,238.9,73.2,8.1,151.3,568.0,226.1,73.5,9.5,108.7,1034.0,985.8000000000001
2003, 30 - 34,1886.9,1047.4,461.4,139.5,16.1,222.5,517.3,234.8,68.9,7.3,129.3,530.1,226.5,70.6,8.8,93.2,957.5999999999999,929.2
2003, 35 - 39,1765.6,996.2,459.0,134.7,16.0,159.8,494.6,233.5,66.9,7.5,96.4,501.7,225.4,67.8,8.5,63.4,898.9,866.8
2003, 40 - 44,1570.5,880.7,437.7,126.3,14.3,111.4,442.29999999999995,226.4,63.3,7.2,68.3,438.4,211.3,63.0,7.1,43.1,807.4999999999999,762.9000000000001
2003, 45 - 49,1331.3,741.2,402.2,111.5,12.4,64.0,375.5,209.2,55.7,7.0,39.0,365.70000000000005,193.0,55.7,5.4,25.1,686.4000000000001,644.9000000000001
2003, 50 - 54,1048.0,577.2,338.7,84.7,9.0,38.3,294.1,177.3,42.4,5.1,23.4,283.09999999999997,161.5,42.3,4.0,15.0,542.3000000000001,505.9
2003, 55 - 59,759.5,413.20000000000005,262.5,55.1,5.7,23.0,210.5,138.8,27.6,3.0,14.1,202.7,123.6,27.6,2.7,8.9,394.00000000000006,365.49999999999994
2003, 60 - 64,568.0,309.2,202.3,38.2,4.3,13.9,154.2,106.1,18.5,2.3,8.3,155.0,96.2,19.7,2.0,5.6,289.4,278.5
2003, 65 - 69,432.9,237.2,152.8,29.4,3.2,10.4,112.8,77.3,13.2,1.8,5.8,124.3,75.5,16.2,1.4,4.6,210.9,222.0
2003, 70 - 74,291.5,162.3,101.1,18.6,2.3,7.1,75.5,48.5,8.4,1.2,3.7,86.8,52.6,10.2,1.1,3.5,137.29999999999998,154.2
2003, 75 - 79,181.6,103.80000000000001,60.1,10.4,1.6,5.6,48.5,26.7,5.1,0.8,2.8,55.4,33.4,5.3,0.8,2.8,83.89999999999999,97.69999999999999
2003, 80 - 84,88.1,48.7,29.5,5.1,0.9,3.8,22.2,11.6,2.2,0.5,1.9,26.5,17.9,2.9,0.4,2.0,38.4,49.699999999999996
2003, 85+,79.4,42.9,27.8,3.8,0.8,4.1,18.6,10.7,1.7,0.4,1.8,24.3,17.1,2.1,0.4,2.3,33.199999999999996,46.2
2004, 0 - 4,2609.5,1822.3,503.7,172.2,40.8,70.6,934.5,259.4,87.6,21.1,36.6,887.8,244.3,84.7,19.7,34.0,1339.1999999999998,1270.5
2004, 5 - 9,2741.3,1889.7,532.0,179.6,40.2,99.8,969.9,275.2,91.2,20.8,53.3,919.9,256.8,88.5,19.4,46.5,1410.3999999999999,1331.1000000000001
2004, 10 - 14,2719.3,1831.5,528.3,175.9,36.2,147.5,934.2,273.7,89.7,18.4,82.3,897.3000000000001,254.5,86.2,17.7,65.2,1398.3000000000002,1320.9000000000003
2004, 15 - 19,2660.9,1696.6,525.4,177.8,31.3,229.9,856.6999999999999,268.4,91.1,15.8,135.4,839.9,257.0,86.7,15.6,94.5,1367.3999999999999,1293.7
2004, 20 - 24,2448.9,1484.6999999999998,508.0,167.4,24.9,263.9,748.5,260.1,84.8,12.3,162.1,736.4,247.9,82.5,12.6,101.8,1267.8,1181.1999999999998
2004, 25 - 29,2068.3,1164.9,470.2,148.5,17.8,267.0,582.4,242.3,74.6,8.2,158.7,582.4,227.9,73.9,9.5,108.3,1066.2,1001.9999999999999
2004, 30 - 34,1909.5,1058.0,461.3,139.4,15.6,235.3,523.5,235.9,69.1,7.0,136.9,534.5,225.4,70.3,8.5,98.4,972.4,937.0999999999999
2004, 35 - 39,1792.2,1012.7,461.7,135.1,15.7,167.0,502.0,234.4,66.8,7.3,100.0,510.70000000000005,227.3,68.4,8.4,67.0,910.4999999999999,881.8
2004, 40 - 44,1608.4,906.8,441.1,127.9,14.1,118.5,455.5,228.8,64.2,7.0,72.7,451.4,212.3,63.7,7.1,45.8,828.2,780.3000000000001
2004, 45 - 49,1373.0,769.0,407.9,114.2,12.4,69.6,388.7,212.5,57.0,6.9,42.4,380.29999999999995,195.4,57.2,5.5,27.2,707.5,665.6
2004, 50 - 54,1097.4,608.4,349.3,89.4,9.4,40.9,309.5,182.6,44.7,5.4,24.8,298.9,166.7,44.7,4.1,16.1,567.0,530.5
2004, 55 - 59,807.3,440.5,275.6,59.8,5.9,25.5,223.5,145.4,29.7,3.1,15.5,216.89999999999998,130.2,30.1,2.8,10.0,417.2,390.0
2004, 60 - 64,583.6,318.2,207.6,38.9,4.3,14.7,159.4,109.6,19.0,2.3,8.8,158.7,98.1,19.9,2.0,5.9,299.1,284.5999999999999
2004, 65 - 69,454.4,249.0,160.7,30.5,3.2,11.0,119.0,82.0,13.8,1.8,6.2,129.9,78.6,16.6,1.5,4.8,222.8,231.4
2004, 70 - 74,299.1,165.2,104.7,19.6,2.3,7.3,76.60000000000001,50.9,8.7,1.2,3.8,88.5,53.9,11.0,1.0,3.5,141.2,157.9
2004, 75 - 79,194.9,111.3,65.0,11.1,1.7,5.8,51.3,29.1,5.3,0.9,3.0,60.0,35.9,5.7,0.8,2.9,89.60000000000001,105.30000000000001
2004, 80 - 84,91.3,50.6,30.6,5.4,0.9,3.8,23.1,12.3,2.3,0.5,1.9,27.5,18.2,3.1,0.4,1.9,40.1,51.1
2004, 85+,82.0,44.5,28.5,4.1,0.8,4.2,19.3,10.9,1.8,0.4,1.9,25.2,17.6,2.3,0.4,2.3,34.3,47.79999999999999
2005, 0 - 4,2555.8,1804.6,485.4,166.2,39.6,59.9,926.0,250.3,84.6,20.5,31.2,878.6,235.1,81.6,19.1,28.7,1312.6,1243.1
2005, 5 - 9,2741.6,1894.4,534.6,181.3,39.8,91.5,971.6,275.4,92.0,20.6,48.2,922.8000000000001,259.1,89.3,19.2,43.3,1407.8,1333.7
2005, 10 - 14,2742.1,1854.5,531.9,176.5,36.1,143.0,946.3,275.7,89.8,18.5,79.7,908.2,256.1,86.7,17.6,63.4,1410.0,1332.0000000000002
2005, 15 - 19,2719.1,1725.5,527.9,179.3,31.9,254.5,870.5999999999999,269.4,91.9,16.1,149.5,854.9,258.5,87.4,15.8,105.0,1397.5,1321.6000000000001
2005, 20 - 24,2561.8,1546.2,517.3,171.8,26.1,300.4,779.6999999999999,264.2,87.2,13.0,186.9,766.5,253.1,84.6,13.1,113.4,1331.0,1230.7
2005, 25 - 29,2135.3,1208.8999999999999,476.9,151.3,18.2,280.1,607.1,246.3,76.4,8.5,170.4,601.7,230.6,74.9,9.6,109.7,1108.7,1026.5
2005, 30 - 34,1938.0,1073.7,462.5,139.6,15.1,247.0,533.0,237.7,69.5,6.9,144.9,540.8,224.9,70.1,8.3,102.1,992.0,946.1999999999999
2005, 35 - 39,1816.0,1025.3,463.5,135.1,15.2,176.9,507.5,234.9,66.5,7.1,105.1,517.8,228.6,68.6,8.1,71.7,921.1,894.8000000000001
2005, 40 - 44,1644.4,931.6,445.1,129.3,13.9,124.6,468.0,231.2,64.9,6.8,76.2,463.59999999999997,213.9,64.3,7.1,48.4,847.1,797.3
2005, 45 - 49,1416.2,797.8,413.6,116.8,12.4,75.6,402.4,215.9,58.3,6.8,46.2,395.3,197.7,58.5,5.6,29.4,729.5999999999999,686.5
2005, 50 - 54,1142.2,637.6,357.8,93.2,9.7,43.9,323.90000000000003,187.0,46.5,5.5,26.5,313.7,170.8,46.7,4.2,17.3,589.4000000000001,552.7
2005, 55 - 59,857.8,469.8,289.2,65.0,6.2,27.6,237.7,152.2,32.1,3.3,16.6,231.9,137.1,32.9,2.9,11.0,441.90000000000003,415.79999999999995
2005, 60 - 64,605.4,330.8,214.1,40.3,4.3,15.8,166.0,113.2,19.7,2.3,9.4,164.8,100.9,20.5,2.1,6.4,310.59999999999997,294.70000000000005
2005, 65 - 69,472.4,258.59999999999997,167.7,31.2,3.2,11.5,124.3,86.4,14.3,1.8,6.6,134.3,81.3,16.9,1.5,4.9,233.4,238.90000000000003
2005, 70 - 74,311.1,171.1,109.5,20.7,2.2,7.5,79.6,53.9,9.0,1.2,4.0,91.5,55.6,11.6,1.0,3.5,147.7,163.2
2005, 75 - 79,205.4,116.60000000000001,69.2,11.9,1.7,6.0,53.2,31.3,5.6,0.9,3.1,63.4,37.9,6.3,0.8,2.9,94.1,111.3
2005, 80 - 84,97.7,54.5,32.6,5.7,0.9,3.9,24.8,13.4,2.5,0.5,2.0,29.799999999999997,19.2,3.2,0.4,2.0,43.2,54.6
2005, 85+,83.5,45.699999999999996,28.5,4.2,0.8,4.3,19.9,11.0,1.9,0.4,2.0,25.7,17.5,2.4,0.4,2.3,35.199999999999996,48.3
2006, 0 - 4,2524.7,1795.8,468.2,161.8,39.9,59.0,921.3,241.4,82.5,20.6,30.7,874.5999999999999,226.9,79.2,19.2,28.3,1296.5,1228.2
2006, 5 - 9,2724.3,1892.1000000000001,533.3,180.2,38.9,79.7,970.5,274.2,91.5,20.2,42.0,921.6,259.1,88.7,18.7,37.7,1398.4,1325.8000000000002
2006, 10 - 14,2749.0,1872.4,534.7,177.2,35.7,128.9,955.9,277.1,90.0,18.4,71.6,916.6,257.7,87.3,17.4,57.3,1413.0,1336.3
2006, 15 - 19,2764.4,1755.3,530.7,180.3,32.3,265.7,885.3,270.9,92.4,16.3,155.2,870.0,259.8,87.9,16.0,110.5,1420.1,1344.2
2006, 20 - 24,2666.5,1597.6999999999998,524.8,176.0,27.1,340.9,805.0,267.2,89.5,13.6,213.0,792.7,257.6,86.5,13.5,127.9,1388.3,1278.2000000000003
2006, 25 - 29,2226.1,1264.0,485.6,155.1,18.8,302.7,637.1,250.8,78.6,8.9,188.2,626.9,234.8,76.4,9.8,114.5,1163.6000000000001,1062.4
2006, 30 - 34,1970.0,1091.9,464.7,140.3,14.9,258.3,544.1,240.0,70.3,6.8,153.7,547.8,224.7,70.0,8.1,104.6,1014.8999999999999,955.2
2006, 35 - 39,1838.5,1035.7,464.4,134.8,14.7,188.9,512.3,235.3,66.2,6.8,111.8,523.4,229.0,68.6,7.9,77.1,932.3999999999999,906.0
2006, 40 - 44,1678.1,954.2,449.2,130.4,13.7,130.6,479.0,233.2,65.4,6.7,79.4,475.1,216.1,65.0,7.1,51.2,863.7,814.5000000000001
2006, 45 - 49,1459.2,826.8000000000001,419.1,119.3,12.3,81.7,416.9,219.4,59.6,6.6,50.1,409.9,199.6,59.7,5.7,31.6,752.6,706.5000000000001
2006, 50 - 54,1185.3,666.1,365.3,96.7,9.9,47.2,337.7,191.1,48.2,5.7,28.5,328.3,174.2,48.5,4.2,18.7,611.2,573.9000000000001
2006, 55 - 59,908.0,499.79999999999995,302.1,70.0,6.5,29.6,252.5,158.5,34.5,3.5,17.7,247.29999999999998,143.5,35.5,3.0,11.9,466.7,441.19999999999993
2006, 60 - 64,635.2,347.7,223.0,42.7,4.4,17.4,174.4,118.0,20.9,2.3,10.3,173.3,105.1,21.9,2.1,7.1,325.9,309.5
2006, 65 - 69,488.8,267.8,174.0,31.7,3.3,12.0,129.29999999999998,90.4,14.7,1.8,6.9,138.5,83.6,17.0,1.5,5.1,243.1,245.7
2006, 70 - 74,326.0,178.70000000000002,115.2,21.8,2.3,7.9,83.39999999999999,57.4,9.6,1.2,4.2,95.30000000000001,57.8,12.2,1.0,3.7,155.79999999999995,170.0
2006, 75 - 79,213.1,120.19999999999999,72.5,12.6,1.7,6.1,54.5,33.2,5.8,0.9,3.1,65.7,39.3,6.8,0.8,2.9,97.5,115.5
2006, 80 - 84,106.9,60.099999999999994,35.6,6.1,0.9,4.1,27.0,14.9,2.7,0.5,2.1,33.1,20.6,3.4,0.4,2.0,47.2,59.5
2006, 85+,85.9,47.3,28.9,4.5,0.8,4.4,20.5,11.1,1.9,0.4,2.1,26.8,17.8,2.6,0.4,2.3,36.0,49.9
2007, 0 - 4,2513.5,1796.5,458.9,158.3,40.9,58.9,920.9,236.8,80.7,21.2,30.7,875.6,222.1,77.6,19.6,28.2,1290.3000000000002,1223.1
2007, 5 - 9,2697.3,1888.8999999999999,523.8,177.9,37.9,68.7,969.0,269.3,90.5,19.7,36.1,919.9,254.5,87.4,18.2,32.6,1384.6,1312.6000000000001
2007, 10 - 14,2741.2,1882.8000000000002,535.7,178.0,35.2,109.6,961.5,277.0,90.2,18.2,60.7,921.2,258.7,87.8,17.0,48.9,1407.6000000000001,1333.6000000000001
2007, 15 - 19,2801.9,1788.2,534.9,180.8,32.6,265.5,902.2,273.5,92.5,16.5,154.0,886.0,261.4,88.3,16.1,111.5,1438.7,1363.3
2007, 20 - 24,2752.8,1637.1,529.5,179.4,28.0,378.9,823.2,268.7,91.4,14.1,235.7,813.9,260.9,88.0,13.9,143.2,1433.1000000000001,1319.9
2007, 25 - 29,2349.5,1333.7,496.8,160.1,19.7,339.1,673.7,256.1,81.4,9.5,214.9,660.0,240.7,78.8,10.2,124.2,1235.6000000000001,1113.9
2007, 30 - 34,2002.7,1109.7,467.5,141.3,14.7,269.5,555.8,242.6,71.3,6.8,163.5,553.9,224.9,70.0,8.0,106.0,1040.0,962.8
2007, 35 - 39,1862.5,1046.2,464.8,134.3,14.2,203.0,517.8,236.4,66.1,6.6,120.0,528.4,228.5,68.3,7.6,83.0,946.9,915.8
2007, 40 - 44,1709.9,974.7,453.6,131.0,13.5,137.1,488.29999999999995,234.4,65.3,6.5,82.8,486.5,219.2,65.7,7.0,54.3,877.2999999999998,832.7
2007, 45 - 49,1501.3,855.4,424.3,121.6,12.2,87.7,431.79999999999995,223.1,61.0,6.5,54.0,423.6,201.2,60.6,5.8,33.8,776.4,724.9999999999999
2007, 50 - 54,1229.2,695.3,372.7,100.2,10.0,51.1,351.59999999999997,195.3,49.9,5.7,30.9,343.7,177.4,50.3,4.3,20.1,633.4,595.8
2007, 55 - 59,953.8,528.8,312.5,74.5,6.8,31.2,267.09999999999997,163.7,36.7,3.7,18.5,261.8,148.8,37.8,3.1,12.7,489.69999999999993,464.20000000000005
2007, 60 - 64,675.1,369.8,235.0,46.6,4.5,19.2,185.0,124.1,22.6,2.3,11.2,184.79999999999998,111.0,23.9,2.2,7.9,345.20000000000005,329.7999999999999
2007, 65 - 69,499.5,274.0,178.1,31.6,3.3,12.5,133.1,93.2,14.8,1.8,7.2,141.0,84.9,16.8,1.5,5.3,250.10000000000002,249.50000000000003
2007, 70 - 74,346.7,190.0,122.9,23.0,2.3,8.4,89.0,62.0,10.2,1.2,4.6,101.1,60.9,12.8,1.1,3.8,166.99999999999997,179.70000000000002
2007, 75 - 79,216.5,121.0,74.5,13.3,1.6,6.1,54.5,34.6,6.0,0.8,3.2,66.5,39.9,7.3,0.8,2.9,99.1,117.4
2007, 80 - 84,118.0,66.8,39.2,6.6,1.0,4.3,29.7,16.7,3.0,0.5,2.2,37.1,22.5,3.6,0.5,2.1,52.1,65.8
2007, 85+,87.0,48.099999999999994,28.8,4.8,0.8,4.6,20.799999999999997,11.2,1.2,0.4,2.3,27.299999999999997,17.6,2.7,0.4,2.3,35.89999999999999,50.3
2008, 0 - 4,2512.5,1805.1,450.9,155.2,42.3,58.9,924.5,232.7,79.1,22.0,30.7,880.7,218.2,76.1,20.3,28.2,1289.0,1223.5
2008, 5 - 9,2670.9,1885.0,514.0,174.7,37.4,59.7,967.2,264.4,89.1,19.5,31.4,917.8,249.6,85.6,17.9,28.3,1371.6,1299.1999999999998
2008, 10 - 14,2721.1,1884.8999999999999,534.0,178.7,34.5,89.0,963.0,275.2,90.4,17.9,48.8,921.8,258.8,88.3,16.6,40.3,1395.3000000000002,1325.7999999999997
2008, 15 - 19,2828.3,1822.7,540.5,180.8,32.6,251.7,920.5,277.1,92.2,16.6,145.4,902.2,263.4,88.6,16.0,106.3,1451.8,1376.4999999999998
2008, 20 - 24,2818.7,1666.4,531.7,181.9,28.6,410.0,835.7,268.9,92.9,14.5,252.4,830.8,262.8,89.0,14.2,157.6,1464.4,1354.3999999999999
2008, 25 - 29,2498.5,1412.3000000000002,509.6,166.2,21.0,389.4,713.6,261.6,84.4,10.3,249.9,698.7,248.0,81.8,10.7,139.5,1319.8000000000002,1178.7
2008, 30 - 34,2040.5,1129.1,471.0,143.0,14.7,282.8,568.5,245.3,72.7,6.8,175.6,560.4,225.7,70.3,7.9,107.2,1068.8999999999999,971.4999999999999
2008, 35 - 39,1889.9,1058.7,465.3,134.0,13.5,218.3,525.2,238.1,66.3,6.2,129.5,533.5,227.2,67.8,7.3,88.7,965.3000000000001,924.5
2008, 40 - 44,1739.0,992.1,457.5,131.0,13.3,145.0,495.1,234.7,64.7,6.4,86.9,497.1,222.8,66.3,6.9,58.1,887.8,851.2
2008, 45 - 49,1541.5,883.0999999999999,429.5,123.7,12.0,93.2,447.0,227.0,62.3,6.3,57.4,436.1,202.5,61.4,5.8,35.8,799.9999999999999,741.5999999999999
2008, 50 - 54,1276.0,726.1,380.5,103.8,10.2,55.4,366.2,199.8,51.5,5.8,33.7,359.9,180.7,52.3,4.4,21.7,657.0,618.9999999999999
2008, 55 - 59,993.5,555.7,320.2,78.0,7.1,32.7,280.5,167.7,38.4,3.9,19.3,275.1,152.5,39.5,3.1,13.4,509.79999999999995,483.6
2008, 60 - 64,723.8,396.70000000000005,249.8,51.6,4.6,21.1,197.8,131.4,24.9,2.4,12.3,198.9,118.5,26.7,2.2,8.8,368.8,355.09999999999997
2008, 65 - 69,506.8,278.5,180.6,31.3,3.3,13.1,135.7,95.0,14.7,1.8,7.5,142.8,85.5,16.5,1.6,5.6,254.7,252.0
2008, 70 - 74,371.4,203.8,132.2,24.2,2.3,9.0,95.6,67.4,10.8,1.2,5.0,108.2,64.8,13.4,1.1,4.0,180.0,191.5
2008, 75 - 79,218.0,120.6,75.7,14.0,1.6,6.1,54.4,35.8,6.1,0.8,3.2,66.2,39.9,7.8,0.8,2.9,100.29999999999998,117.6
2008, 80 - 84,129.4,73.6,43.2,7.1,1.0,4.5,32.4,18.6,3.2,0.5,2.3,41.2,24.6,3.9,0.5,2.2,57.0,72.40000000000002
2008, 85+,87.9,48.7,28.5,5.1,0.8,4.7,21.2,11.2,2.1,0.4,2.5,27.5,17.3,2.9,0.4,2.3,37.4,50.39999999999999
2009, 0 - 4,2515.0,1819.6999999999998,442.7,152.0,43.5,57.0,933.1,228.6,77.7,22.7,29.7,886.6,214.1,74.4,20.8,27.4,1291.8000000000002,1223.3000000000002
2009, 5 - 9,2659.8,1891.5,504.2,172.2,37.1,54.7,969.3,259.3,87.7,19.3,28.8,922.2,244.8,84.5,17.8,25.9,1364.3999999999999,1295.2
2009, 10 - 14,2691.1,1881.7,529.7,178.6,33.5,67.5,962.0,272.2,90.3,17.4,36.4,919.7,257.6,88.3,16.1,31.1,1378.3000000000002,1312.8
2009, 15 - 19,2841.8,1854.8,546.0,180.9,31.9,228.1,937.7,280.6,91.9,16.3,131.1,917.1,265.4,88.9,15.6,97.0,1457.6000000000001,1384.0
2009, 20 - 24,2869.8,1693.6000000000001,533.1,183.5,28.8,430.7,847.1,269.0,93.9,14.5,262.1,846.5,264.1,89.6,14.3,168.6,1486.6,1383.0999999999997
2009, 25 - 29,2652.2,1488.3,521.9,172.4,22.1,447.5,751.3,266.5,87.4,11.0,288.7,737.0,255.5,85.0,11.1,158.8,1404.9,1247.3999999999999
2009, 30 - 34,2096.3,1156.5,476.2,145.5,14.4,303.6,585.4,248.6,74.4,6.8,192.8,571.2,227.6,71.1,7.7,110.7,1108.0,988.3000000000002
2009, 35 - 39,1920.9,1074.1,466.4,134.0,12.7,233.8,534.8,240.5,66.8,5.8,140.1,539.4,225.9,67.2,6.9,93.6,987.9999999999999,933.0
2009, 40 - 44,1765.7,1006.9,460.6,130.5,12.6,155.1,500.3,234.6,63.9,6.0,92.4,506.5,226.0,66.6,6.6,62.8,897.1999999999999,868.5
2009, 45 - 49,1579.3,909.4000000000001,434.7,125.5,11.4,98.3,461.4,230.6,63.4,5.9,60.4,448.0,204.1,62.1,5.6,37.9,821.6999999999999,757.7
2009, 50 - 54,1323.9,758.0,388.6,107.4,9.9,60.1,381.4,204.6,53.2,5.6,36.8,376.5,184.0,54.2,4.3,23.3,681.6,642.3
2009, 55 - 59,1029.4,581.2,326.0,80.7,7.0,34.5,293.2,170.8,39.8,4.0,20.3,287.8,155.2,40.9,3.0,14.2,528.1,501.09999999999997
2009, 60 - 64,775.3,425.79999999999995,265.1,57.1,4.5,22.8,211.6,138.8,27.5,2.3,13.2,214.2,126.3,29.6,2.2,9.6,393.4,381.90000000000003
2009, 65 - 69,517.2,284.9,183.7,31.5,3.1,13.9,139.0,96.9,14.9,1.7,7.9,146.0,86.8,16.6,1.5,6.1,260.4,257.0
2009, 70 - 74,393.5,215.9,140.9,25.0,2.1,9.5,101.7,72.6,11.3,1.1,5.3,114.3,68.3,13.7,1.0,4.1,192.00000000000003,201.39999999999998
2009, 75 - 79,222.3,122.1,77.7,14.8,1.4,6.2,55.5,37.4,6.5,0.7,3.3,66.7,40.2,8.3,0.7,3.0,103.4,118.9
2009, 80 - 84,138.3,78.6,46.4,7.6,1.0,4.7,34.1,20.4,3.4,0.5,2.4,44.400000000000006,26.1,4.2,0.5,2.3,60.8,77.5
2009, 85+,89.8,50.0,28.7,5.3,0.8,5.0,21.799999999999997,11.6,2.3,0.4,2.7,28.1,17.2,3.0,0.4,2.3,38.8,50.99999999999999
2010, 0 - 4,2508.6,1836.3000000000002,432.8,149.2,36.3,54.1,942.0999999999999,223.2,76.2,18.9,27.9,894.1999999999999,209.6,73.0,17.4,26.2,1288.3000000000002,1220.4
2010, 5 - 9,2659.5,1909.9,495.9,169.5,30.8,53.3,978.7,255.3,86.4,16.0,28.1,931.1999999999999,240.7,83.1,14.8,25.1,1364.5,1294.8999999999996
2010, 10 - 14,2654.0,1879.7,522.8,177.2,27.2,47.1,961.8,268.0,89.6,14.1,24.8,917.9000000000001,254.8,87.6,13.0,22.3,1358.2999999999997,1295.6
2010, 15 - 19,2837.4,1883.2,549.9,181.0,26.0,197.3,953.2,282.9,91.7,13.3,112.7,930.1,267.0,89.3,12.7,84.6,1453.8,1383.6999999999998
2010, 20 - 24,2912.0,1727.6,535.8,184.8,23.9,439.9,862.5,270.1,94.5,12.1,264.8,865.0,265.7,90.2,11.9,175.1,1503.9999999999998,1407.9
2010, 25 - 29,2789.6,1554.6,531.9,178.1,19.6,505.5,783.0999999999999,270.0,90.2,9.9,325.7,771.4,261.8,87.9,9.7,179.8,1478.9,1310.6000000000001
2010, 30 - 34,2181.7,1198.6000000000001,483.6,149.5,12.4,337.6,608.8,252.5,76.7,6.0,218.4,589.7,231.1,72.7,6.5,119.3,1162.4,1019.3000000000001
2010, 35 - 39,1954.8,1091.3,468.4,134.4,10.4,250.2,545.7,243.2,67.6,4.8,152.4,545.5,225.2,66.9,5.6,97.9,1013.7,941.1
2010, 40 - 44,1791.5,1020.9,463.0,129.7,10.3,167.6,506.1,234.8,63.1,4.9,99.5,514.8,228.2,66.6,5.3,68.1,908.4000000000001,883.0
2010, 45 - 49,1614.3,933.8,440.2,126.8,9.4,104.0,474.20000000000005,233.6,64.0,4.8,63.5,459.6,206.6,62.7,4.6,40.5,840.1,774.0000000000001
2010, 50 - 54,1370.8,790.4,396.5,110.8,8.4,64.8,397.6,209.6,54.9,4.7,39.8,392.59999999999997,186.9,55.9,3.7,25.0,706.6,664.1
2010, 55 - 59,1066.0,607.9,331.7,83.5,6.1,36.8,306.6,174.0,41.2,3.5,21.7,301.29999999999995,157.7,42.3,2.6,15.1,547.0000000000001,519.0
2010, 60 - 64,823.5,454.59999999999997,278.6,62.1,3.9,24.3,225.5,145.4,29.8,2.0,14.0,229.10000000000002,133.2,32.3,1.8,10.4,416.7,406.8
2010, 65 - 69,538.0,297.2,190.0,33.1,2.8,15.0,144.8,100.1,15.6,1.5,8.4,152.4,89.8,17.5,1.3,6.6,270.4,267.6
2010, 70 - 74,409.3,224.7,147.5,25.2,1.9,10.0,106.0,76.5,11.5,1.0,5.7,118.69999999999999,70.9,13.8,0.9,4.3,200.7,208.60000000000002
2010, 75 - 79,233.4,128.1,81.8,15.8,1.3,6.5,58.6,40.3,6.9,0.7,3.4,69.4,41.6,8.9,0.6,3.0,109.90000000000002,123.5
2010, 80 - 84,144.3,81.8,48.7,8.2,0.8,4.8,35.4,21.7,3.6,0.4,2.5,46.4,27.0,4.6,0.4,2.3,63.599999999999994,80.7
2010, 85+,100.1,56.400000000000006,31.4,6.0,0.7,5.6,24.299999999999997,12.9,2.6,0.3,3.0,32.0,18.6,3.4,0.3,2.6,43.099999999999994,56.9
2011, 0 - 4,2505.6,1832.0,417.1,145.4,39.7,71.4,940.3,215.9,74.2,20.7,37.0,891.6,201.2,71.2,19.0,34.4,1288.1000000000001,1217.4
2011, 5 - 9,2619.8,1888.3,479.8,164.5,32.0,55.2,967.7,247.1,84.2,16.6,29.2,920.7,232.7,80.4,15.4,26.0,1344.8,1275.2000000000003
2011, 10 - 14,2665.5,1891.1,521.7,176.3,27.8,48.6,968.2,267.2,89.7,14.4,25.7,922.9,254.5,86.7,13.4,22.9,1365.2000000000003,1300.4000000000003
2011, 15 - 19,2852.6,1893.0,547.8,179.8,26.1,206.0,960.5,282.2,91.1,13.4,118.0,932.5,265.6,88.8,12.6,88.0,1465.2,1387.4999999999998
2011, 20 - 24,2964.9,1759.4,537.8,184.0,24.6,459.2,880.6999999999999,271.9,94.0,12.4,276.6,878.7,265.9,90.0,12.2,182.6,1535.6,1429.3999999999999
2011, 25 - 29,2871.6,1604.8,535.8,181.0,20.9,529.1,806.3,271.0,91.5,10.5,341.6,798.5,264.8,89.5,10.3,187.5,1520.9,1350.6
2011, 30 - 34,2267.6,1254.9,491.0,154.6,13.5,353.7,636.8,255.3,79.1,6.5,229.5,618.0,235.7,75.4,7.0,124.2,1207.1999999999998,1060.3
2011, 35 - 39,1977.3,1101.2,468.9,135.8,10.6,261.0,551.9,244.5,68.7,4.9,159.1,549.2,224.4,67.1,5.7,101.9,1029.1,948.3000000000001
2011, 40 - 44,1811.5,1031.9,464.4,129.6,10.3,175.2,510.09999999999997,235.2,63.0,4.9,103.9,521.8,229.2,66.6,5.4,71.3,917.0999999999999,894.3
2011, 45 - 49,1643.4,952.0999999999999,445.4,127.2,9.6,109.2,481.1,234.5,63.6,4.8,66.5,471.0,210.9,63.6,4.8,42.8,850.5,793.0999999999999
2011, 50 - 54,1415.7,818.6999999999999,405.5,114.1,8.6,68.8,412.0,214.5,56.6,4.7,42.2,406.6,191.1,57.5,3.9,26.6,730.0000000000001,685.7
2011, 55 - 59,1111.1,636.5,341.4,87.5,6.5,39.1,320.2,179.0,43.0,3.7,23.2,316.4,162.4,44.5,2.8,16.0,569.1000000000001,542.0999999999999
2011, 60 - 64,863.2,478.70000000000005,289.0,65.9,4.2,25.5,237.5,150.4,31.6,2.2,14.6,241.20000000000002,138.6,34.3,1.9,10.8,436.3,426.8
2011, 65 - 69,570.5,313.8,201.5,36.7,2.9,15.6,152.7,105.6,17.3,1.5,8.7,161.1,95.9,19.4,1.4,6.9,285.79999999999995,284.69999999999993
2011, 70 - 74,421.3,230.9,152.8,25.6,2.0,10.1,108.69999999999999,79.2,11.7,1.0,5.8,122.2,73.5,13.9,0.9,4.3,206.39999999999998,214.8
2011, 75 - 79,247.5,134.7,88.4,16.5,1.3,6.6,61.900000000000006,43.9,7.3,0.7,3.6,72.8,44.4,9.3,0.6,3.1,117.4,130.2
2011, 80 - 84,146.1,81.7,50.0,8.7,0.8,4.9,35.6,22.6,3.8,0.4,2.6,46.1,27.4,4.9,0.4,2.3,65.0,81.10000000000001
2011, 85+,106.7,60.8,33.0,6.4,0.7,5.8,26.099999999999998,13.9,2.7,0.4,3.2,34.6,19.1,3.7,0.3,2.6,46.300000000000004,60.300000000000004
2012, 0 - 4,2524.7,1847.3000000000002,407.1,141.2,40.8,88.3,949.7,211.2,71.9,21.3,45.9,897.5,196.0,69.3,19.5,42.5,1300.0000000000002,1224.8
2012, 5 - 9,2581.8,1865.0,467.1,160.0,33.2,56.5,955.4,240.9,81.9,17.3,29.8,909.7,226.3,78.1,16.0,26.7,1325.3,1256.8
2012, 10 - 14,2670.0,1900.7,516.6,174.6,28.2,49.8,973.9000000000001,264.9,89.3,14.6,26.3,927.0,251.7,85.3,13.6,23.5,1369.0,1301.1
2012, 15 - 19,2853.6,1892.2,542.0,178.8,26.4,214.2,962.8,279.0,90.6,13.6,122.9,929.4,263.0,88.2,12.9,91.3,1468.8999999999999,1384.8000000000002
2012, 20 - 24,3017.5,1790.3,541.6,183.1,25.2,477.2,899.0999999999999,275.1,93.5,12.9,288.0,891.2,266.5,89.7,12.3,189.2,1568.6,1448.9
2012, 25 - 29,2924.5,1636.1,536.7,182.4,21.8,547.5,819.5,270.5,92.5,11.0,354.2,816.6,266.3,89.9,10.7,193.3,1547.7,1376.8000000000002
2012, 30 - 34,2368.5,1326.5,500.2,160.3,14.8,366.7,672.3,258.2,81.6,7.2,238.1,654.2,241.9,78.7,7.6,128.6,1257.4,1111.0
2012, 35 - 39,1996.6,1109.4,469.4,137.4,10.8,269.6,557.7,245.2,69.6,5.0,164.7,551.6,224.2,67.7,5.8,104.9,1042.2,954.1999999999999
2012, 40 - 44,1827.7,1042.7,464.1,129.6,10.3,181.0,515.4,235.9,63.1,4.8,107.0,527.3000000000001,228.2,66.5,5.4,74.0,926.1999999999999,901.4
2012, 45 - 49,1667.1,967.4,449.8,127.1,9.7,113.3,485.5,234.0,62.8,4.8,68.6,481.90000000000003,215.7,64.2,4.9,44.6,855.6999999999999,811.3000000000001
2012, 50 - 54,1455.0,844.3,413.4,116.5,8.8,71.9,425.8,219.0,57.9,4.7,43.9,418.6,194.4,58.6,4.1,28.0,751.3,703.7
2012, 55 - 59,1159.8,667.4,352.1,91.9,6.9,41.5,334.4,184.3,45.0,4.0,24.6,333.0,167.8,46.9,2.9,16.9,592.3000000000001,567.5
2012, 60 - 64,896.8,500.4,296.8,68.7,4.5,26.5,248.9,154.2,32.9,2.4,15.2,251.5,142.6,35.8,2.0,11.3,453.59999999999997,443.20000000000005
2012, 65 - 69,613.0,336.09999999999997,216.2,41.5,3.0,16.2,163.1,112.5,19.5,1.5,9.0,172.9,103.7,22.0,1.4,7.2,305.6,307.2
2012, 70 - 74,426.5,233.79999999999998,155.1,25.4,2.0,10.1,110.1,80.4,11.6,1.1,5.8,123.69999999999999,74.7,13.9,1.0,4.2,209.0,217.49999999999997
2012, 75 - 79,267.8,144.7,97.3,17.5,1.2,6.9,66.3,48.6,7.7,0.6,3.7,78.5,48.7,9.8,0.6,3.2,126.9,140.79999999999998
2012, 80 - 84,144.5,79.5,50.2,9.0,0.8,4.9,35.0,23.1,3.9,0.4,2.6,44.5,27.1,5.1,0.4,2.3,65.0,79.39999999999999
2012, 85+,114.5,66.0,34.9,6.9,0.6,6.0,28.4,15.2,3.0,0.3,3.4,37.5,19.7,3.9,0.3,2.6,50.29999999999999,64.0
2013, 0 - 4,2559.3,1867.0,401.0,137.5,42.2,111.6,962.8,208.5,70.5,21.8,58.5,904.2,192.5,67.0,20.3,53.2,1322.1,1237.2
2013, 5 - 9,2553.7,1847.0,455.1,156.6,34.4,60.7,945.6,235.0,79.5,17.8,32.0,901.3,220.1,77.0,16.5,28.7,1309.8999999999999,1243.6
2013, 10 - 14,2670.5,1905.0,510.5,172.5,28.9,53.6,976.5,262.4,88.5,15.0,28.2,928.4,248.2,84.0,13.9,25.4,1370.6000000000001,1299.9
2013, 15 - 19,2867.8,1886.2,535.1,177.7,26.5,242.3,961.3,274.8,90.1,13.6,138.9,924.9,260.2,87.6,12.9,103.4,1478.6999999999998,1389.0
2013, 20 - 24,3121.9,1823.3,546.5,182.2,25.7,544.3,918.7,278.9,92.8,13.1,328.2,904.6,267.6,89.4,12.6,216.1,1631.6999999999998,1490.3
2013, 25 - 29,3027.7,1664.6,536.2,181.5,22.5,622.9,830.5,269.0,92.5,11.4,402.8,834.1,267.3,89.1,11.1,220.1,1606.2,1421.6999999999998
2013, 30 - 34,2522.4,1408.3,513.5,166.7,16.4,417.6,712.0,263.3,84.4,8.1,272.0,696.3,250.2,82.3,8.3,145.6,1339.8,1182.6999999999998
2013, 35 - 39,2046.8,1121.8,469.7,140.0,11.2,304.0,566.1,245.4,71.5,5.3,186.6,555.7,224.3,68.6,5.9,117.4,1074.8999999999999,971.9
2013, 40 - 44,1860.3,1054.0,463.5,130.1,10.3,202.4,521.9,237.3,63.7,4.8,119.9,532.1,226.3,66.4,5.5,82.6,947.6,912.9000000000001
2013, 45 - 49,1695.4,980.0,453.0,127.0,9.9,125.4,488.0,232.4,62.0,4.8,76.1,492.1,220.7,65.0,5.1,49.3,863.3,832.1999999999999
2013, 50 - 54,1496.7,868.8,420.4,118.6,8.9,80.0,439.1,223.3,59.0,4.7,48.7,429.7,197.1,59.7,4.2,31.2,774.8000000000002,721.9000000000001
2013, 55 - 59,1212.0,698.9,363.3,96.1,7.4,46.3,348.9,190.1,46.6,4.2,27.5,350.0,173.2,49.6,3.2,18.8,617.3000000000001,594.8000000000001
2013, 60 - 64,929.2,521.6,302.4,71.1,4.9,29.2,259.7,156.9,34.0,2.7,16.8,261.9,145.5,37.2,2.1,12.4,470.1,459.09999999999997
2013, 65 - 69,662.3,361.9,232.8,46.6,3.1,18.0,175.5,120.4,21.6,1.6,10.0,186.4,112.3,24.9,1.5,8.1,329.1,333.2
2013, 70 - 74,430.3,235.9,156.5,25.3,2.1,10.5,111.1,80.9,11.5,1.1,6.2,124.8,75.6,13.8,1.0,4.4,210.79999999999998,219.6
2013, 75 - 79,290.3,155.8,107.2,18.6,1.3,7.5,71.0,53.8,8.2,0.7,4.1,84.8,53.4,10.3,0.6,3.4,137.79999999999998,152.5
2013, 80 - 84,144.1,78.0,50.6,9.6,0.8,5.2,34.7,23.7,4.0,0.4,2.7,43.3,26.9,5.6,0.4,2.4,65.5,78.6
2013, 85+,122.8,71.2,37.1,7.4,0.7,6.6,30.9,16.7,3.2,0.3,3.8,40.3,20.3,4.1,0.3,2.8,54.89999999999999,67.79999999999998
2014, 0 - 4,2571.2,1879.0,386.3,132.4,43.3,130.3,970.0,201.5,68.9,22.3,67.6,908.9,184.8,63.4,21.0,62.7,1330.3,1240.8000000000002
2014, 5 - 9,2536.9,1842.5,444.0,153.8,35.1,61.6,944.7,229.4,77.7,18.2,32.5,897.7,214.6,76.0,16.9,29.1,1302.5000000000002,1234.3
2014, 10 - 14,2665.5,1907.9,503.3,170.4,29.7,54.3,977.7,259.0,87.1,15.4,28.8,930.2,244.3,83.2,14.3,25.5,1368.0,1297.5
2014, 15 - 19,2852.8,1879.5,526.1,175.9,27.5,243.8,959.9,270.3,89.0,14.6,140.3,919.6,255.8,86.9,12.9,103.5,1474.1,1378.7000000000003
2014, 20 - 24,3182.5,1860.4,548.8,180.9,25.9,566.5,940.1,281.1,90.8,13.1,343.9,920.3,267.7,90.1,12.7,222.6,1669.0,1513.3999999999999
2014, 25 - 29,3079.3,1695.2,535.2,180.5,23.1,645.2,844.4,267.2,92.6,11.7,418.7,850.8,268.0,87.9,11.4,226.5,1634.6,1444.6000000000001
2014, 30 - 34,2643.1,1489.4,526.0,172.7,17.9,437.0,749.7,268.5,86.9,8.9,285.5,739.7,257.5,85.8,9.0,151.5,1399.5000000000002,1243.5
2014, 35 - 39,2095.1,1147.7,473.1,143.3,12.4,318.5,581.4,246.9,73.5,6.1,196.9,566.3,226.2,69.8,6.4,121.7,1104.8,990.4
2014, 40 - 44,1880.3,1065.8,462.4,131.5,10.3,210.4,528.7,238.2,64.8,4.8,124.2,537.1,224.2,66.7,5.5,86.2,960.7,919.7
2014, 45 - 49,1713.1,991.0,455.0,126.8,10.0,130.3,489.7,230.7,61.5,4.8,78.8,501.3,224.3,65.3,5.2,51.5,865.4999999999999,847.6
2014, 50 - 54,1532.3,891.3,427.2,120.6,9.0,84.2,451.3,226.8,59.7,4.6,51.1,440.1,200.4,60.8,4.4,33.1,793.5000000000001,738.8
2014, 55 - 59,1260.2,728.3,374.4,100.2,7.7,49.5,362.4,195.9,48.2,4.3,29.5,366.0,178.5,52.0,3.4,20.0,640.3,619.9
2014, 60 - 64,962.2,543.3,308.6,74.0,5.2,30.9,269.9,159.9,35.2,3.0,17.9,273.4,148.7,38.8,2.3,13.0,485.8999999999999,476.2
2014, 65 - 69,708.5,386.7,248.1,51.3,3.3,19.1,187.3,127.7,23.7,1.7,10.6,199.4,120.4,27.7,1.6,8.6,351.0,357.70000000000005
2014, 70 - 74,439.6,240.3,160.4,26.2,2.2,10.5,113.2,82.6,11.9,1.2,6.2,127.1,77.7,14.3,1.1,4.3,215.1,224.50000000000003
2014, 75 - 79,308.1,164.4,115.6,19.2,1.3,7.6,74.5,58.1,8.5,0.7,4.1,89.9,57.5,10.7,0.7,3.5,145.89999999999998,162.29999999999998
2014, 80 - 84,148.4,79.3,52.7,10.2,0.8,5.4,35.5,25.1,4.3,0.4,2.9,43.8,27.6,5.9,0.4,2.4,68.20000000000002,80.10000000000002
2014, 85+,129.5,74.7,39.0,7.9,0.8,7.2,32.8,18.1,3.5,0.4,4.1,41.9,20.9,4.4,0.4,3.1,58.9,70.7
2015, 0 - 4,2601.6,1906.6,378.1,125.7,44.2,147.0,983.6,197.3,64.9,22.7,75.9,923.0,180.8,60.8,21.5,71.1,1344.4000000000003,1257.1999999999998
2015, 5 - 9,2518.4,1835.4,432.1,150.8,35.8,64.3,942.3,223.5,76.3,18.6,33.6,893.1,208.6,74.5,17.2,30.7,1294.2999999999997,1224.1000000000001
2015, 10 - 14,2655.8,1907.1,494.3,168.5,30.2,55.7,977.7,254.7,86.1,15.7,29.4,929.4,239.7,82.4,14.6,26.3,1363.6000000000001,1292.3999999999999
2015, 15 - 19,2846.7,1872.9,519.2,174.8,27.9,251.8,957.5,266.7,89.0,15.0,144.5,915.4,252.5,85.9,13.0,107.3,1472.7,1374.1000000000001
2015, 20 - 24,3225.4,1884.5,548.1,178.5,26.0,588.3,951.9,281.6,89.0,13.3,356.8,932.6,266.6,89.6,12.7,231.4,1692.6,1532.9
2015, 25 - 29,3135.9,1730.0,534.9,180.7,23.7,666.6,863.1,267.8,92.6,12.0,433.4,866.9,267.2,88.1,11.7,233.3,1668.9,1467.1999999999998
2015, 30 - 34,2731.2,1551.6,533.7,175.6,19.2,451.1,777.5,270.5,88.4,9.7,295.4,774.1,263.2,87.2,9.6,155.7,1441.5,1289.8
2015, 35 - 39,2158.2,1188.6,479.8,147.3,13.1,329.4,602.9,249.9,75.7,6.4,203.9,585.6,229.9,71.6,6.7,125.5,1138.8,1019.3000000000001
2015, 40 - 44,1898.7,1076.8,462.6,132.3,10.5,216.4,535.9,239.3,65.6,4.9,127.9,540.9,223.3,66.7,5.6,88.6,973.6,925.1000000000001
2015, 45 - 49,1727.9,1001.3,456.3,126.8,10.1,133.6,492.6,230.1,61.0,4.8,80.4,508.7,226.2,65.8,5.3,53.2,868.9,859.1999999999999
2015, 50 - 54,1560.3,910.7,432.3,121.7,9.2,86.4,459.8,228.3,60.2,4.6,51.7,450.8,204.0,61.5,4.6,34.7,804.6000000000001,755.6
2015, 55 - 59,1304.2,756.3,384.2,103.7,8.0,52.0,376.4,201.2,49.8,4.4,30.9,380.0,183.0,53.9,3.6,21.0,662.6999999999998,641.5
2015, 60 - 64,1000.4,569.0,316.4,77.1,5.6,32.3,281.9,163.6,36.6,3.2,18.7,287.0,152.8,40.5,2.4,13.6,504.0,496.3
2015, 65 - 69,748.6,410.1,259.6,55.3,3.5,20.1,198.7,133.2,25.5,1.8,11.0,211.4,126.5,29.7,1.7,9.0,370.2,378.29999999999995
2015, 70 - 74,460.9,250.6,168.6,28.6,2.3,10.8,117.8,86.6,13.0,1.2,6.4,132.7,82.0,15.5,1.1,4.4,224.99999999999997,235.7
2015, 75 - 79,319.6,170.0,121.2,19.5,1.3,7.6,76.9,60.8,8.7,0.6,4.1,93.1,60.3,10.9,0.7,3.4,151.09999999999997,168.39999999999998
2015, 80 - 84,158.3,84.3,56.9,11.0,0.8,5.4,38.0,27.4,4.7,0.4,2.9,46.3,29.5,6.2,0.3,2.4,73.40000000000002,84.7
2015, 85+,134.0,77.2,40.3,8.5,0.7,7.4,34.3,19.3,3.7,0.3,4.3,42.9,21.0,4.7,0.3,3.1,61.89999999999999,71.99999999999999
2016, 0 - 4,2630.4,1945.1,371.6,121.3,42.9,149.5,1004.6,193.2,63.0,21.8,77.3,940.5,178.4,58.3,21.0,72.1,1359.8999999999999,1270.3
2016, 5 - 9,2513.4,1830.9,417.0,146.4,39.0,80.2,942.3,216.6,74.5,20.3,41.7,888.6,200.4,71.9,18.8,38.5,1295.3999999999999,1218.2
2016, 10 - 14,2616.0,1884.9,478.4,164.3,31.2,57.1,966.3,246.6,83.7,16.2,30.1,918.6,231.8,80.6,15.0,27.0,1342.8999999999999,1273.0
2016, 15 - 19,2862.7,1884.1,517.9,173.5,28.6,258.6,963.6,265.6,88.4,15.4,148.5,920.4,252.3,85.1,13.2,110.0,1481.5000000000002,1381.0
2016, 20 - 24,3244.6,1888.3,544.0,176.9,26.3,609.1,955.5,279.7,87.7,13.6,367.4,932.8,264.3,89.2,12.7,241.8,1703.9,1540.8
2016, 25 - 29,3189.4,1760.0,539.3,180.0,24.2,685.8,879.3,272.2,91.4,12.3,446.8,880.7,267.1,88.6,11.9,239.1,1702.0,1487.4
2016, 30 - 34,2797.8,1601.1,535.8,177.3,20.4,463.3,800.2,270.0,89.5,10.3,303.6,800.9,265.8,87.7,10.1,159.6,1473.6,1324.1
2016, 35 - 39,2236.8,1245.6,488.3,151.7,14.6,336.6,631.7,253.3,77.2,7.3,210.0,613.9,235.0,74.5,7.3,126.5,1179.5,1057.1999999999998
2016, 40 - 44,1918.5,1087.6,464.1,133.1,10.9,222.8,543.2,240.9,66.7,5.1,131.9,544.4,223.2,66.4,5.7,90.9,987.8000000000001,930.5999999999999
2016, 45 - 49,1741.3,1010.8,456.9,126.5,10.0,137.0,496.2,230.2,60.4,4.7,82.2,514.6,226.8,66.1,5.3,54.8,873.7,867.6
2016, 50 - 54,1585.1,927.7,436.3,122.5,9.3,89.3,466.0,228.1,60.2,4.6,53.2,461.8,208.3,62.2,4.7,36.1,812.1000000000001,773.1000000000001
2016, 55 - 59,1345.4,782.8,393.1,107.0,8.2,54.3,390.8,206.2,51.5,4.4,32.1,392.0,186.8,55.6,3.8,22.2,685.0,660.4
2016, 60 - 64,1040.8,595.1,325.4,80.2,6.0,33.9,293.9,168.1,38.1,3.4,19.7,301.3,157.3,42.1,2.6,14.2,523.2,517.5000000000001
2016, 65 - 69,785.1,432.3,269.3,58.8,3.8,20.9,209.9,137.7,27.1,2.0,11.5,222.5,131.6,31.7,1.8,9.4,388.20000000000005,397.0
2016, 70 - 74,490.0,264.8,179.7,31.7,2.5,11.2,124.2,91.8,14.4,1.3,6.6,140.6,88.0,17.3,1.2,4.6,238.3,251.7
2016, 75 - 79,330.7,176.3,125.5,20.1,1.5,7.4,79.6,63.0,8.9,0.7,4.1,96.6,62.5,11.2,0.7,3.3,156.29999999999998,174.29999999999998
2016, 80 - 84,167.0,87.6,61.8,11.3,0.8,5.5,39.5,29.9,4.9,0.4,3.1,48.1,32.0,6.4,0.3,2.5,77.80000000000001,89.3
2016, 85+,138.7,80.1,41.1,9.1,0.8,7.5,36.0,20.5,4.0,0.4,4.4,44.1,20.6,5.1,0.4,3.1,65.3,73.3
2017, 0 - 4,2613.7,1954.0,355.4,116.6,42.1,145.6,1008.7,184.1,60.4,21.5,75.4,945.3,171.3,56.2,20.5,70.2,1350.1000000000001,1263.5
2017, 5 - 9,2533.7,1847.4,408.1,142.2,40.4,95.6,952.2,212.3,72.7,20.9,49.7,895.2,195.7,69.5,19.5,45.9,1307.8000000000002,1225.8000000000002
2017, 10 - 14,2580.8,1863.7,465.8,160.7,32.5,58.1,955.6,240.5,81.6,16.9,30.4,908.1,225.3,79.1,15.7,27.6,1325.0,1255.8
2017, 15 - 19,2871.1,1894.6,513.2,172.7,28.7,261.9,969.6,263.6,88.3,15.3,150.8,925.0,249.6,84.4,13.4,111.1,1487.6,1383.5
2017, 20 - 24,3244.7,1886.9,537.8,176.0,26.7,617.3,956.7,276.5,87.5,14.0,372.5,930.2,261.3,88.5,12.7,244.8,1707.2,1537.5
2017, 25 - 29,3238.7,1794.7,542.7,179.8,24.8,696.8,898.6,275.5,90.5,12.5,454.3,896.1,267.2,89.3,12.2,242.5,1731.3999999999999,1507.3
2017, 30 - 34,2841.7,1637.2,536.2,178.2,21.4,468.8,815.9,269.0,90.4,10.8,307.4,821.2,267.1,87.8,10.6,161.4,1493.5,1348.1000000000001
2017, 35 - 39,2334.5,1319.0,499.7,158.3,15.6,341.9,667.0,257.9,79.9,7.8,213.5,652.0,241.8,78.3,7.9,128.5,1226.1,1108.5
2017, 40 - 44,1933.3,1096.4,464.8,134.5,11.4,226.2,549.8,241.8,67.9,5.5,134.5,546.6,223.0,66.6,5.9,91.7,999.4999999999999,933.8000000000001
2017, 45 - 49,1755.4,1022.5,457.2,126.8,10.0,138.9,502.0,231.3,60.6,4.6,82.9,520.6,225.9,66.2,5.4,56.0,881.4,874.1
2017, 50 - 54,1604.4,941.3,440.0,122.5,9.5,91.0,469.0,227.1,59.6,4.7,54.0,472.3,212.9,62.9,4.9,37.0,814.4000000000001,790.0
2017, 55 - 59,1383.8,808.5,401.0,110.0,8.3,56.1,404.8,210.9,53.1,4.4,32.8,403.7,190.0,56.9,4.0,23.3,706.0,677.9
2017, 60 - 64,1085.1,623.3,335.7,84.0,6.4,35.6,306.7,173.3,39.7,3.6,20.7,316.7,162.3,44.4,2.8,14.9,544.0000000000001,541.0999999999999
2017, 65 - 69,815.7,452.4,276.3,61.4,4.0,21.5,219.9,140.8,28.3,2.1,11.8,232.5,135.5,33.1,1.9,9.7,402.9000000000001,412.7
2017, 70 - 74,527.9,283.9,193.9,35.7,2.6,11.8,132.8,98.4,16.1,1.3,6.9,151.1,95.5,19.6,1.3,4.9,255.50000000000003,272.4
2017, 75 - 79,334.9,179.8,126.5,20.0,1.5,7.1,81.2,63.3,8.8,0.8,4.0,98.6,63.2,11.2,0.8,3.1,158.10000000000002,176.9
2017, 80 - 84,180.5,92.6,69.5,12.1,0.8,5.6,41.4,33.7,5.3,0.4,3.1,51.3,35.8,6.7,0.4,2.5,83.89999999999999,96.7
2017, 85+,142.6,82.6,41.7,9.6,1.0,7.6,37.6,21.4,4.2,0.5,4.5,45.0,20.3,5.4,0.5,3.1,68.2,74.3
2018, 0 - 4,2595.3,1968.4,334.5,113.5,40.7,138.3,1015.0,173.0,58.2,20.9,71.7,953.4,161.5,55.3,19.7,66.6,1338.8000000000002,1256.5
2018, 5 - 9,2560.5,1866.4,401.8,137.3,42.0,112.9,964.2,209.2,70.9,21.6,58.9,902.2,192.6,66.4,20.4,54.0,1324.8000000000002,1235.6000000000001
2018, 10 - 14,2549.9,1846.3,454.5,157.0,33.6,58.6,946.5,234.9,79.5,17.5,30.6,899.8,219.6,77.5,16.2,28.0,1309.0,1241.1
2018, 15 - 19,2871.9,1899.7,508.3,171.3,28.9,263.8,972.8,261.5,87.7,15.2,152.0,926.9,246.8,83.6,13.7,111.8,1489.2,1382.8
2018, 20 - 24,3232.5,1879.3,530.7,174.9,27.1,620.5,954.7,272.6,87.5,14.4,374.8,924.6,258.1,87.4,12.7,245.7,1704.0000000000002,1528.5000000000002
2018, 25 - 29,3281.8,1828.3,545.9,178.9,25.1,703.6,917.7,278.5,89.2,12.7,458.5,910.6,267.4,89.7,12.4,245.0,1756.6000000000001,1525.1000000000001
2018, 30 - 34,2868.9,1664.0,534.6,178.0,22.1,470.2,827.8,267.7,90.7,11.2,308.6,836.2,266.9,87.3,10.9,161.6,1506.0,1362.8999999999999
2018, 35 - 39,2438.7,1400.3,512.0,164.3,16.8,345.3,705.4,262.4,82.5,8.4,215.4,694.9,249.6,81.8,8.4,129.9,1274.1000000000001,1164.6000000000001
2018, 40 - 44,1951.0,1108.6,466.4,136.4,12.1,227.6,558.3,242.8,69.1,5.9,136.0,550.4,223.6,67.2,6.2,91.6,1012.0999999999999,939.0000000000001
2018, 45 - 49,1768.9,1034.6,457.1,127.3,10.0,140.0,508.8,232.8,61.2,4.6,83.2,525.8,224.3,66.1,5.4,56.8,890.6000000000001,878.3999999999999
2018, 50 - 54,1619.5,952.3,443.1,122.1,9.7,92.3,470.1,225.6,58.6,4.7,54.5,482.2,217.6,63.5,5.0,37.8,813.5000000000001,806.0999999999999
2018, 55 - 59,1418.0,831.9,407.8,112.3,8.4,57.6,417.5,214.8,54.4,4.3,33.3,414.5,193.0,57.9,4.1,24.3,724.2999999999998,693.8
2018, 60 - 64,1130.6,651.8,346.6,88.1,6.8,37.3,319.8,178.9,41.3,3.8,21.7,332.1,167.7,46.7,3.0,15.6,565.5,565.1
2018, 65 - 69,843.0,471.1,281.8,63.7,4.4,22.1,228.9,143.2,29.4,2.3,12.1,242.2,138.6,34.2,2.0,10.0,415.90000000000003,426.99999999999994
2018, 70 - 74,572.1,307.2,209.5,40.3,2.7,12.4,143.7,105.7,18.1,1.3,7.1,163.5,103.8,22.2,1.4,5.3,275.90000000000003,296.2
2018, 75 - 79,337.7,182.0,127.3,19.8,1.6,6.9,82.2,63.4,8.8,0.8,4.0,99.7,63.9,11.0,0.8,3.0,159.20000000000002,178.4
2018, 80 - 84,196.1,98.8,77.8,13.0,0.8,5.7,43.7,37.9,5.8,0.4,3.1,55.2,39.9,7.2,0.4,2.6,90.89999999999999,105.3
2018, 85+,145.8,84.4,42.3,10.2,1.0,7.8,39.1,22.5,4.6,0.6,4.6,45.3,19.9,5.7,0.5,3.2,71.39999999999999,74.6
2019, 0 - 4,2580.0,1977.0,321.5,110.7,39.7,131.1,1020.2,166.2,56.3,20.5,67.9,956.8,155.3,54.5,19.2,63.2,1331.1000000000001,1249.0
2019, 5 - 9,2545.3,1877.8,386.6,130.9,42.9,107.1,970.3,201.5,68.1,22.0,55.8,907.5,185.1,62.8,20.9,51.3,1317.6999999999998,1227.6
2019, 10 - 14,2527.2,1839.9,443.5,153.4,34.5,55.7,945.0,229.5,78.0,18.0,29.0,894.9,214.0,75.5,16.6,26.7,1299.5,1227.7
2019, 15 - 19,2857.6,1903.4,502.2,170.1,29.4,252.4,973.9,258.7,87.0,15.3,145.2,929.4,243.6,83.2,14.1,107.2,1480.1,1377.5
2019, 20 - 24,3181.1,1870.1,524.1,173.8,27.5,585.7,951.6,269.0,87.5,14.8,353.0,918.4,255.1,86.3,12.7,232.7,1675.8999999999999,1505.2
2019, 25 - 29,3270.7,1855.8,547.5,177.8,25.4,664.3,933.4,280.2,88.0,12.8,431.7,922.4,267.2,89.7,12.6,232.6,1746.1,1524.4999999999998
2019, 30 - 34,2870.1,1691.7,534.5,177.8,22.8,443.3,841.4,268.2,90.7,11.5,290.5,850.3,266.2,87.1,11.3,152.8,1502.3,1367.6999999999998
2019, 35 - 39,2512.8,1476.5,522.9,169.5,18.1,325.9,740.9,266.1,84.9,9.1,203.1,735.6,256.7,84.6,9.0,122.8,1304.1,1208.6999999999998
2019, 40 - 44,1970.6,1133.4,470.2,139.3,12.8,214.9,572.4,244.6,70.7,6.3,128.3,561.1,225.6,68.6,6.5,86.5,1022.3,948.3000000000001
2019, 45 - 49,1774.3,1046.8,457.4,127.9,10.1,132.1,516.1,234.6,62.1,4.6,78.5,530.7,222.9,65.8,5.4,53.6,895.9000000000001,878.4
2019, 50 - 54,1627.3,962.8,445.8,121.9,9.8,87.0,471.9,224.5,57.8,4.7,51.4,490.9,221.4,64.1,5.1,35.6,810.3,817.1
2019, 55 - 59,1444.7,854.1,413.9,114.0,8.6,54.2,428.0,217.6,55.3,4.3,31.3,426.0,196.3,58.7,4.3,22.8,736.4999999999999,708.0999999999999
2019, 60 - 64,1171.4,679.9,357.4,92.0,7.1,35.1,333.2,184.6,43.1,3.9,20.4,346.7,172.8,49.0,3.2,14.6,585.1999999999999,586.3000000000001
2019, 65 - 69,870.2,491.1,287.7,65.9,4.7,20.8,238.3,145.8,30.5,2.6,11.4,252.8,141.9,35.4,2.1,9.4,428.6,441.6
2019, 70 - 74,612.7,330.4,223.5,44.3,2.8,11.7,154.5,112.1,19.8,1.4,6.7,175.9,111.4,24.6,1.5,5.0,294.5,318.40000000000003
2019, 75 - 79,346.9,186.1,131.7,20.9,1.7,6.5,84.0,65.2,9.2,0.9,3.7,102.1,66.5,11.6,0.8,2.8,162.99999999999997,183.8
2019, 80 - 84,210.1,105.9,84.5,13.5,0.8,5.3,46.5,41.1,6.0,0.4,2.9,59.4,43.4,7.5,0.4,2.4,96.9,113.10000000000001
2019, 85+,150.2,87.0,43.9,10.9,1.0,7.3,41.1,24.0,4.9,0.6,4.3,45.9,19.9,6.0,0.4,3.0,74.89999999999999,75.2
2020, 0 - 4,2519.5,1775.6,412.3,124.9,16.6,190.0,907.4,208.0,62.4,8.6,100.0,868.2,204.2,62.5,8.0,90.0,1286.4,1232.9
2020, 5 - 9,2641.2,1808.8,512.3,152.3,17.9,149.9,934.0,266.5,79.1,9.3,79.2,874.7,245.8,73.2,8.5,70.8,1368.1,1273.0
2020, 10 - 14,2611.2,1792.5,564.4,169.1,13.7,71.6,925.2,294.5,87.0,7.3,37.7,867.3,269.9,82.1,6.4,33.9,1351.7,1259.6
2020, 15 - 19,2839.5,1996.4,513.7,167.0,20.5,141.9,1035.0,267.9,87.1,11.8,87.0,961.5,245.9,79.9,8.7,54.9,1488.8,1350.9000000000003
2020, 20 - 24,2867.0,1825.6,485.0,159.3,20.1,376.9,931.9,250.2,82.3,11.2,269.0,893.7,234.8,77.1,8.9,107.9,1544.6,1322.4
2020, 25 - 29,2891.6,1729.4,488.5,160.2,21.3,492.2,867.8,247.5,80.4,12.2,373.7,861.6,241.0,79.8,9.1,118.5,1581.6000000000001,1309.9999999999998
2020, 30 - 34,2907.2,1778.2,529.2,169.1,23.5,407.2,885.0,263.2,85.5,13.6,317.6,893.2,266.0,83.6,9.9,89.5,1564.9,1342.2
2020, 35 - 39,2742.6,1672.4,578.3,175.0,19.3,297.5,845.1,291.9,90.0,10.7,226.8,827.4,286.4,85.1,8.6,70.7,1464.5,1278.1999999999998
2020, 40 - 44,2194.8,1309.1,524.6,149.8,14.2,197.1,666.6,270.1,77.2,7.5,145.7,642.5,254.5,72.6,6.7,51.4,1167.1000000000001,1027.7
2020, 45 - 49,1843.7,1107.6,481.9,126.6,11.0,116.7,556.8,248.6,63.0,5.5,83.9,550.8,233.3,63.6,5.5,32.7,957.8,885.9
2020, 50 - 54,1586.0,966.1,435.9,111.8,9.1,63.1,480.6,220.6,55.1,4.6,43.2,485.6,215.3,56.7,4.5,19.9,804.1000000000001,782.0000000000001
2020, 55 - 59,1459.8,889.2,417.0,108.1,7.9,37.6,444.2,216.8,53.3,4.0,25.0,445.0,200.1,54.8,3.8,12.6,743.3,716.3
2020, 60 - 64,1152.1,689.7,347.0,84.9,6.2,24.3,340.6,176.7,39.9,3.4,16.2,349.1,170.3,45.0,2.8,8.1,576.8,575.3000000000001
2020, 65 - 69,917.4,564.5,231.7,61.8,6.5,52.9,281.2,115.5,29.3,3.3,27.7,283.3,116.2,32.6,3.1,25.2,457.0,460.40000000000003
2020, 70 - 74,611.4,364.7,174.2,40.6,4.0,28.0,175.7,86.0,18.5,2.0,15.4,189.1,88.2,22.1,2.0,12.6,297.59999999999997,314.00000000000006
2020, 75 - 79,329.3,193.0,100.1,18.8,2.0,15.4,89.9,48.7,8.6,0.8,8.5,103.1,51.5,10.2,1.2,6.9,156.50000000000003,172.89999999999998
2020, 80 - 84,194.6,107.8,62.6,11.2,0.9,12.2,47.7,29.4,5.2,0.4,6.6,60.1,33.2,6.1,0.5,5.6,89.3,105.5
2020, 85+,138.5,78.8,33.8,8.3,1.0,16.5,37.3,15.7,3.7,0.5,9.2,41.5,18.1,4.6,0.5,7.3,66.4,72.0
2021, 0 - 4,2445.5,1762.1,367.6,116.0,19.6,180.3,900.6,186.0,58.1,10.1,94.9,861.4,181.6,57.9,9.4,85.4,1249.6999999999998,1195.7000000000003
2021, 5 - 9,2639.5,1828.7,503.6,147.4,17.3,142.5,943.6,259.6,75.9,9.0,75.2,885.1,244.0,71.5,8.3,67.3,1363.3000000000002,1276.1999999999998
2021, 10 - 14,2600.1,1795.8,552.8,168.0,14.9,68.6,927.5,289.4,86.7,7.9,36.1,868.3,263.4,81.3,7.0,32.5,1347.6000000000001,1252.4999999999998
2021, 15 - 19,2800.7,1948.1,529.4,168.6,19.0,135.6,1012.8,276.4,87.7,10.8,83.0,935.2,253.0,80.9,8.1,52.7,1470.6999999999998,1329.9
2021, 20 - 24,2893.0,1868.6,486.8,159.3,20.0,358.2,954.8,251.1,82.4,11.2,255.4,913.8,235.8,76.9,8.9,102.9,1554.9,1338.3000000000002
2021, 25 - 29,2851.7,1723.1,482.4,157.8,20.5,467.9,868.3,245.6,79.7,11.6,354.9,854.8,236.8,78.2,8.9,113.0,1560.1,1291.7
2021, 30 - 34,2865.5,1767.2,520.5,167.2,23.2,387.5,879.9,259.2,84.0,13.5,302.1,887.3,261.2,83.2,9.7,85.4,1538.6999999999998,1326.8000000000002
2021, 35 - 39,2777.9,1724.3,574.4,175.6,20.7,282.8,866.9,287.5,89.9,11.7,215.4,857.4,287.0,85.8,9.0,67.4,1471.4000000000003,1306.6000000000001
2021, 40 - 44,2267.2,1373.4,535.9,155.5,14.8,187.7,703.7,278.1,80.9,7.7,138.6,669.6,257.8,74.6,7.1,49.1,1209.0,1058.2
2021, 45 - 49,1870.2,1131.5,487.3,129.0,11.4,111.0,565.8,249.3,63.8,5.8,79.7,565.7,238.0,65.2,5.6,31.3,964.3999999999999,905.8000000000001
2021, 50 - 54,1605.5,981.6,441.8,112.8,9.2,60.2,488.8,223.9,55.3,4.6,41.1,492.8,217.8,57.5,4.6,19.1,813.7,791.8000000000001
2021, 55 - 59,1460.8,894.8,415.0,107.2,7.9,35.9,444.4,213.5,52.7,4.0,23.7,450.4,201.5,54.5,3.9,12.1,738.3000000000001,722.4
2021, 60 - 64,1208.7,727.5,362.3,89.2,6.5,23.1,360.7,185.5,42.2,3.6,15.4,366.8,176.8,47.0,3.0,7.7,607.4000000000001,601.3000000000001
2021, 65 - 69,951.3,580.7,249.5,64.6,6.3,50.2,287.2,124.3,30.3,3.3,26.2,293.5,125.2,34.3,3.1,23.9,471.3,480.0
2021, 70 - 74,645.0,390.7,180.2,43.2,4.5,26.5,188.8,88.1,19.7,2.3,14.6,201.9,92.1,23.5,2.2,11.9,313.5,331.59999999999997
2021, 75 - 79,353.6,210.1,105.7,21.0,2.2,14.5,97.4,51.0,9.5,0.9,8.0,112.7,54.7,11.5,1.4,6.5,166.8,186.8
2021, 80 - 84,201.2,113.3,63.9,11.6,1.0,11.5,50.3,29.7,5.4,0.4,6.2,63.0,34.2,6.2,0.5,5.3,92.00000000000001,109.2
2021, 85+,139.1,81.2,32.8,8.4,1.0,15.6,38.9,16.0,3.8,0.5,8.7,42.3,16.8,4.6,0.5,6.9,67.89999999999999,71.1
2022, 0 - 4,2374.2,1749.6,319.2,107.2,20.9,177.2,895.6,161.5,53.6,10.9,93.3,854.0,157.7,53.7,10.1,84.0,1214.8999999999999,1159.5
2022, 5 - 9,2592.8,1811.8,482.7,141.2,17.1,140.0,933.3,247.7,72.6,8.8,73.9,878.6,235.0,68.7,8.3,66.1,1336.3,1256.6999999999998
2022, 10 - 14,2613.0,1815.0,548.5,166.3,15.9,67.3,937.6,287.3,86.0,8.4,35.4,877.5,261.2,80.3,7.5,31.9,1354.7000000000003,1258.4
2022, 15 - 19,2781.9,1916.8,543.9,170.7,17.6,132.8,995.9,284.1,88.4,9.9,81.3,920.9,259.9,82.3,7.7,51.6,1459.6000000000001,1322.3999999999999
2022, 20 - 24,2912.8,1895.4,488.7,158.6,20.0,350.1,970.4,252.4,82.1,11.2,249.4,925.0,236.2,76.5,8.8,100.7,1565.5,1347.2
2022, 25 - 29,2835.0,1722.4,479.4,156.6,19.8,456.8,871.5,245.2,79.7,11.1,346.3,850.9,234.1,76.9,8.7,110.5,1553.8,1281.1000000000001
2022, 30 - 34,2850.1,1767.6,515.1,166.9,22.9,377.6,880.5,257.4,83.4,13.3,294.2,887.1,257.6,83.5,9.7,83.4,1528.8000000000002,1321.3000000000002
2022, 35 - 39,2777.0,1746.4,561.0,172.9,21.5,275.3,874.7,279.6,88.0,12.3,209.5,871.7,281.4,84.8,9.2,65.8,1464.1000000000001,1312.8999999999999
2022, 40 - 44,2359.1,1445.8,553.1,161.9,15.7,182.7,742.7,286.5,84.5,8.2,134.7,703.1,266.6,77.4,7.5,47.9,1256.6000000000001,1102.5000000000002
2022, 45 - 49,1893.9,1153.0,489.7,131.3,11.8,108.1,574.1,249.4,64.8,6.1,77.5,578.9,240.4,66.5,5.7,30.6,971.9,922.1
2022, 50 - 54,1638.3,1004.8,451.2,114.2,9.3,58.7,500.2,229.5,55.9,4.6,40.1,504.6,221.7,58.4,4.7,18.7,830.3000000000001,808.1
2022, 55 - 59,1452.0,891.9,411.8,105.4,8.0,35.0,440.9,209.6,51.5,4.1,23.2,451.0,202.3,53.9,3.9,11.8,729.3000000000001,722.8999999999999
2022, 60 - 64,1254.3,758.7,374.4,92.1,6.6,22.5,375.5,192.0,43.7,3.5,15.0,383.2,182.3,48.4,3.1,7.5,629.7,624.5
2022, 65 - 69,974.5,587.8,265.1,66.4,6.1,49.1,289.2,131.6,30.8,3.2,25.6,298.6,133.5,35.6,2.9,23.5,480.4,494.1
2022, 70 - 74,674.5,412.8,186.0,45.2,4.6,25.9,200.2,90.2,20.5,2.3,14.3,212.6,95.8,24.7,2.4,11.6,327.5,347.09999999999997
2022, 75 - 79,377.1,225.4,111.5,23.3,2.7,14.2,103.9,52.9,10.4,1.2,7.9,121.5,58.5,12.9,1.5,6.4,176.3,200.8
2022, 80 - 84,203.1,116.3,62.7,11.5,1.3,11.2,52.0,28.9,5.4,0.6,6.1,64.4,33.8,6.1,0.7,5.2,93.0,110.2
2022, 85+,134.5,80.2,29.8,8.2,1.1,15.3,39.1,15.2,3.8,0.5,8.5,41.1,14.6,4.3,0.5,6.8,67.1,67.3
2023, 0 - 4,2345.7,1738.9,273.8,99.0,22.5,211.6,893.2,139.0,49.8,11.7,111.3,845.7,134.8,49.2,10.9,100.3,1205.0,1140.9
2023, 5 - 9,2584.6,1803.7,460.0,136.3,17.3,167.3,923.8,234.3,68.9,9.0,88.2,879.9,225.7,67.4,8.3,79.0,1324.2,1260.3
2023, 10 - 14,2618.7,1818.2,540.6,162.9,16.6,80.4,941.3,282.9,84.9,8.7,42.2,876.9,257.7,78.0,7.9,38.1,1360.0,1258.6
2023, 15 - 19,2775.4,1877.5,552.3,170.7,16.4,158.6,973.0,288.0,88.0,9.1,96.9,904.5,264.2,82.7,7.3,61.7,1455.0,1320.4
2023, 20 - 24,3042.0,1943.1,502.1,161.3,20.3,415.3,998.9,260.5,83.8,11.5,295.4,944.2,241.6,77.5,8.8,119.9,1650.1,1392.0
2023, 25 - 29,2926.9,1733.6,476.4,156.1,19.4,541.3,880.0,244.8,80.0,10.7,409.7,853.7,231.7,76.1,8.7,131.6,1625.2,1301.8
2023, 30 - 34,2890.9,1751.4,505.8,165.2,22.2,446.3,874.6,254.0,82.2,12.9,347.4,876.7,251.7,83.0,9.3,98.9,1571.1,1319.6000000000001
2023, 35 - 39,2845.7,1772.3,554.5,171.4,22.4,325.1,883.3,275.5,87.0,12.8,247.0,888.9,279.0,84.4,9.5,78.1,1505.6,1339.9
2023, 40 - 44,2480.5,1517.8,564.0,166.5,16.5,215.7,778.9,290.1,86.4,8.8,158.9,738.9,273.9,80.2,7.7,56.8,1323.1000000000001,1157.5
2023, 45 - 49,1955.3,1183.8,496.4,135.0,12.4,127.6,589.8,252.9,67.2,6.5,91.5,594.0,243.5,67.8,5.8,36.2,1007.9,947.3
2023, 50 - 54,1674.9,1022.3,457.4,116.0,9.5,69.6,508.6,233.4,56.6,4.6,47.5,513.7,224.1,59.4,4.9,22.1,850.7,824.2
2023, 55 - 59,1471.1,902.3,414.4,104.8,8.2,41.5,444.8,209.3,50.9,4.1,27.4,457.5,205.1,53.9,4.0,14.0,736.5,734.5
2023, 60 - 64,1288.8,779.9,381.4,94.2,6.6,26.7,385.0,195.7,44.8,3.4,17.8,394.8,185.7,49.4,3.2,8.9,646.6999999999999,642.0
2023, 65 - 69,1011.9,597.2,282.3,68.3,5.7,58.4,292.3,139.9,31.3,3.0,30.5,304.9,142.4,37.0,2.7,27.9,497.00000000000006,514.9
2023, 70 - 74,710.9,437.2,190.9,47.1,4.9,30.7,212.4,92.1,21.5,2.5,16.9,224.9,98.8,25.7,2.5,13.8,345.4,365.7
2023, 75 - 79,412.6,246.3,120.2,26.3,3.0,16.8,113.5,56.5,11.5,1.4,9.3,132.8,63.7,14.8,1.6,7.5,192.20000000000002,220.4
2023, 80 - 84,204.2,117.2,60.9,11.3,1.5,13.3,52.6,27.6,5.3,0.6,7.2,64.7,33.3,6.0,0.8,6.1,93.3,110.89999999999999
2023, 85+,139.4,82.9,28.9,8.4,1.1,18.1,41.0,15.2,4.1,0.6,10.1,41.8,13.7,4.3,0.5,8.0,71.0,68.3
